1.46921781911
1.47944888388
1.44923255553
1.45568197076
1.47435782631
1.46013184336
1.46714586869
1.46528256661
1.46785864442
1.43188302595
1.48195209099
1.47722070118
1.44100798055
1.46782355888
1.4334646839
1.44976480851
1.45944989637
1.44727537117
1.46061459667
1.48059042277
1.46346472455
1.45488212581
1.46886248505
1.47666279157
1.45245240886
1.47268530243
1.45051749386
1.46620394216
1.44183251455
1.46762938101
1.45637151854
1.47172042182
1.45362753138
1.45332343269
1.45296455566
1.46253649527
1.45221692594
1.45375238607
1.45422281649
1.45941529388
1.45917922134
1.44064777097
1.47338046682
1.44387360943
1.44837391581
1.44952888898
1.46405771744
1.46491672118
1.44704837514
1.45787996762
1.43988610661
1.46836031001
1.4508159773
1.46285645229
1.47619036713
1.44321931805
1.44359031584
1.44557289681
1.46651491639
1.46731353159
1.46322964705
1.45282655537
1.47519964751
1.44476641711
1.46534125718
1.45562014276
1.45103893814
1.46304237806
1.45361136484
1.45881115981
1.46252452971
1.47666685478
1.44316665704
1.44157864857
1.43287298809
1.44529201202
1.45508419
1.46122038037
1.45633958952
1.46971936097
1.45575719129
1.46715779656
1.46023593984
1.46891864989
1.47406444907
1.47028194575
1.48850965734
1.44797824569
1.47760008121
1.4702581406
1.45364679341
1.44838737912
1.46791995695
1.45774346166
1.46262674664
1.46721130039
1.46258743328
1.47263063937
1.47387041493
1.45347755401
1.48574392141
1.45768446517
1.45744605389
1.46342065039
1.43940161178
1.47660759852
1.45401169184
1.46926376121
1.47283162649
1.44123211177
1.4815839497
1.47682666552
1.46519213757
1.46015958032
1.45400034388
1.4490503787
1.43795514534
1.46175955615
1.44826447861
1.45216700142
1.46565241446
1.45598282957
1.44577280373
1.42450728324
1.44567423716
1.46680775837
1.45119399117
1.44232312607
1.44242400146
1.4540656794
1.47294365133
1.43837616777
1.46469723834
1.44371880919
1.42247741634
1.44960960262
1.45651124266
1.44249228767
1.48078019976
1.44980377983
1.48529458358
1.47409395901
1.44528094155
1.45597355745
1.45050508444
1.46008664126
1.43358048257
1.46018286526
1.43972671018
1.47916631925
1.45678207018
1.47559682841
1.46720448473
1.46983740597
1.45966228971
1.45948929424
1.44036314865
1.46065944012
1.47288322687
1.4584999143
1.4730414115
1.44958787247
1.48981273991
1.48168350197
1.47655003302
1.44754412713
1.46478462581
1.47846677338
1.43912925062
1.4623385381
1.46745970984
1.45195798837
1.45430705149
1.45364025811
1.45939610798
1.47119883089
1.45418361977
1.43941967473
1.45498384871
1.45000999997
1.45954719006
1.46964315397
1.43241788595
1.40907380928
1.45374653912
1.46471874433
1.44887853183
1.44645290279
1.488431725
1.47528641287
1.44135838708
1.4800628365
1.44481486703
1.47033499584
1.45509346779
1.43420396039
1.44940022078
1.45838060876
1.46250504273
1.45416849093
1.44777173615
1.45148510154
1.44773512771
1.45564899615
1.47694041857
1.44473873071
1.46628680687
1.4371085554
1.44947749206
1.47022651316
1.45164389573
1.43501776992
1.46019382275
1.45892151948
1.43269920081
1.44783044587
1.45351642578
1.47238955443
1.44837391581
1.4516011849
1.45525633481
1.46399453551
1.44916010158
1.44807285728
1.46806198779
1.45028686817
1.46894179599
1.45190564432
1.44592842146
1.43494599202
1.45872649938
1.46098699515
1.47200577445
1.48792136889
1.47516304184
1.42729709591
1.47179278433
1.46492252355
1.45845534728
1.47735506903
1.45874123819
1.46724537825
1.45450266414
1.46466207707
1.45673401828
1.45988321451
1.45486047441
1.44552723945
1.44851303066
1.47057335757
1.46514197264
1.45243244249
1.45089110549
1.45106995007
1.45641134299
1.45514844604
1.42983740334
1.45773077075
1.46135211363
1.44234149909
1.45653595905
1.47579063556
1.46821626472
1.46059748049
1.4785895306
1.44231549947
1.45827226539
1.44419285416
1.47764204055
1.45049991382
1.44180789289
1.46533443282
1.45885777237
1.46953087753
1.45002379291
1.43595612746
1.46382854187
1.44255363852
1.44629284725
1.45382323547
1.48035502499
1.46302904961
1.44373162326
1.46462930464
1.48414756679
1.45897875242
1.47539113458
1.45999109586
1.4498620624
1.46984012736
1.4332777121
1.45513367084
1.45479792411
1.46304955487
1.46664583319
1.47164567746
1.45693033464
1.49312089263
1.45378162046
1.46585811046
1.45781823284
1.46615619905
1.46131481892
1.45145203159
1.46184027855
1.46721130039
1.45166042861
1.4523477545
1.46832762012
1.45310460738
1.45272812322
1.45469343849
1.44928741111
1.45345760172
1.44920046922
1.43885127793
1.48766057957
1.45479276875
1.43841753326
1.45565827034
1.46849140277
1.47778821216
1.44723391337
1.46082100204
1.46196374784
1.47528268478
1.44573994895
1.4685128532
1.48452180853
1.4500513784
1.46521534254
1.44905796985
1.46769819786
1.44257027558
1.45366399144
1.45443253539
1.4761144942
1.43797844212
1.45917613741
1.44762184289
1.47198403524
1.46728524834
1.46051532002
1.44627003011
1.46106399586
1.47606334552
1.45016033596
1.47187023885
1.44754240007
1.44234531233
1.44030587029
1.44768159483
1.46322110428
1.4522582415
1.46755374689
1.45497835035
1.45423897623
1.45991266862
1.47197316552
1.47050807546
1.46709134003
1.43382321086
1.46977379212
1.45885742963
1.4481785111
1.45968010194
1.45683423903
1.46792200065
1.46083743106
1.45874123819
1.45181713725
1.46120635093
1.48544976354
1.46424212479
1.47200985051
1.48990133902
1.44831246629
1.45494398518
1.44102255361
1.45315140299
1.45292326019
1.45809499005
1.47613989852
1.45723333753
1.45726902115
1.45228475169
1.45826952241
1.45410144075
1.43819365873
1.44136359049
1.45674328555
1.46942812005
1.46667446968
1.47662148163
1.45818311607
1.47297352318
1.46427217415
1.47577708344
1.47876603964
1.45995445134
1.45619023483
1.45560846384
1.47459858945
1.46739599291
1.45866445765
1.4598547873
1.46498430026
1.44915182089
1.46598260563
1.45131285394
1.45044613826
1.46109205733
1.45774997856
1.46293472172
1.46367243603
1.45194800182
1.45767143074
1.46798160751
1.4611077989
1.481383475
1.47341440199
1.45974278556
1.46866742321
1.46102087596
1.46229750735
1.44158974747
1.45475049407
1.44288322466
1.4415456982
1.45253743497
1.47009319432
1.44612620473
1.48484780365
1.45633787289
1.46430973499
1.45110371786
1.45047061328
1.46278159682
1.4514454864
1.44739317395
1.46197298197
1.45071223887
1.45137727693
1.46709849703
1.45792249451
1.44870459377
1.44889682172
1.44435071918
1.45858938704
1.45784635679
1.43721779839
1.46383537326
1.4709360965
1.44089902491
1.44127929285
1.45854756522
1.47243573714
1.45232158973
1.44963926547
1.47185902858
1.45312422043
1.43135600044
1.45532779813
1.45792660995
1.4742011396
1.46085214858
1.45075359727
1.4583422095
1.45848208765
1.44941022488
1.44586617638
1.44291579796
1.45619813212
1.45044303577
1.46384698654
1.44312542767
1.45203374616
1.47183083267
1.48198279342
1.48006317433
1.44663022228
1.46334206527
1.46149341429
1.46941382871
1.43994235996
1.44719660033
1.45377921295
1.48081767953
1.46005582085
1.43629941168
1.45918641715
1.44877948633
1.45260455734
1.45335508394
1.4573252897
1.4289534632
1.45951978404
1.45083079647
1.45218283973
1.46611459307
1.48342205727
1.45411244407
1.44718899941
1.46587141319
1.46397575117
1.43836226313
1.45082803943
1.44545944253
1.44640450774
1.46041192819
1.45854002345
1.46610402087
1.47183185181
1.44487127454
1.4540739321
1.46934168933
1.46840525741
1.45162012937
1.46001267118
1.44130947405
1.46120669311
1.4563138398
1.44886472799
1.46024826656
1.45345278561
1.44641142142
1.45374275579
1.43667115235
1.46509692512
1.44547570025
1.47466911543
1.43363907592
1.48241593354
1.45203891132
1.42905388282
1.46653946418
1.45815122673
1.44107043547
1.45448478851
1.4762432049
1.47003537372
1.46777995626
1.44719936429
1.43286635804
1.43736599375
1.46100684461
1.45253158313
1.46006472459
1.44560679301
1.44828208578
1.4627884331
1.45468690789
1.45971401309
1.43465013157
1.46341996706
1.44682065233
1.45078530459
1.46372504249
1.45131492103
1.46411133456
1.46482865892
1.45184882133
1.44457779299
1.44669381695
1.44149505722
1.47096736877
1.46543133582
1.46710088269
1.45815705601
1.46461223537
1.43438139977
1.46405396075
1.43532087005
1.46949276963
1.44700656529
1.46762120453
1.45105513334
1.44769679146
1.43012586859
1.45258596992
1.47136773106
1.45813236711
1.45493539375
1.44285654173
1.4584999143
1.42911860949
1.46350913902
1.48093281414
1.47414178423
1.44099722415
1.4506126292
1.4702336549
1.45764398946
1.45946222973
1.45520891971
1.47232163606
1.46126691607
1.41826760521
1.45862229518
1.46703851347
1.46631954226
1.47486507857
1.46044479526
1.45288471669
1.46208447088
1.46018834402
1.45943139613
1.44811808911
1.45388892285
1.46297983581
1.46989047211
1.45184847694
1.45611984397
1.46305502289
1.45987328217
1.4549178671
1.45260937626
1.47020372738
1.47492474384
1.45881938567
1.47094357472
1.46299179765
1.46527881306
1.45136659738
1.46701533734
1.45358763066
1.46555825541
1.46763142512
1.47866189509
1.45019446972
1.46003493109
1.44910075564
1.47139695528
1.46148041383
1.46795435896
1.45567166628
1.44079769572
1.4721535246
1.4744443021
1.45402235196
1.46085454444
1.45043510713
1.45150576988
1.46374348846
1.46327065166
1.46904220498
1.45018929799
1.44967065225
1.47962360079
1.46092368042
1.45654866036
1.44814985412
1.48156842569
1.43357559968
1.43053032124
1.44725671531
1.45392640804
1.47013910906
1.48537739312
1.4440813689
1.44208945631
1.47143399444
1.45789608683
1.45973833272
1.468872697
1.45081011852
1.45303613169
1.45659774818
1.47132491313
1.43917823775
1.47066685555
1.4563804448
1.47930558033
1.46941723142
1.4447650328
1.44645428549
1.46657594416
1.46677094326
1.45614731398
1.41962142841
1.47373471154
1.46414104512
1.45871553087
1.46340322536
1.46343875854
1.45786281934
1.45094348615
1.44129282243
1.46862384565
1.46331780554
1.46073337745
1.45500893468
1.44765016492
1.46349888965
1.45694509162
1.45976915983
1.44299618849
1.45723230818
1.4737428541
1.46326791805
1.46364784016
1.46382136888
1.4423574453
1.45467625264
1.45610473524
1.47883636688
1.44451410516
1.45594574075
1.46663526482
1.45737229286
1.47877144955
1.46687252343
1.45149646917
1.44969824446
1.45954307919
1.45736680352
1.4781613579
1.46460506622
1.46104996492
1.45387791785
1.45079702233
1.45893317188
1.45497972494
1.44207974814
1.46394535417
1.44614314644
1.46511910779
1.4583651806
1.44837046366
1.4349473858
1.44937055303
1.45644533025
1.45512439331
1.44784460492
1.4260585542
1.46053996864
1.46168498658
1.46697852745
1.4602551147
1.47353893739
1.44741320983
1.45555006784
1.46898638523
1.45862743701
1.45016171512
1.47282653425
1.47277798734
1.47057845761
1.46901361464
1.46558725431
1.46467914575
1.45148544602
1.46283115909
1.4718471388
1.47152981621
1.43704766796
1.46136443093
1.45376304809
1.44333537336
1.45527488812
1.44803107701
1.45195075674
1.43876683309
1.4554191836
1.46854417707
1.45647863012
1.45236737777
1.46148212442
1.47190658671
1.45932381602
1.46631886028
1.43803337931
1.45116125913
1.44763600397
1.48160622299
1.46049922972
1.44980653882
1.43975171471
1.46787908221
1.45820883278
1.47773678306
1.47030166973
1.4563783849
1.43891382647
1.48290593093
1.45421353315
1.4574289005
1.44802796934
1.46258333096
1.48012735939
1.46403176195
1.43199371507
1.46430529604
1.46227288835
1.46255700744
1.46333147304
1.45895236386
1.45827672271
1.46071557806
1.45187361709
1.45746492239
1.45288196355
1.45179819534
1.46602080476
1.45981950939
1.41349814291
1.45723196506
1.44950922729
1.44866455745
1.45955369891
1.4629210505
1.46973501013
1.45653046655
1.48331992503
1.46536343615
1.45463019355
1.45917990666
1.46731762069
1.46363725014
1.46639251226
1.44289431352
1.46119197917
1.4547415578
1.44025032546
1.47627030045
1.46333352316
1.46845599185
1.45213704587
1.46077547898
1.46762529278
1.46533989231
1.44990965236
1.45107546323
1.45073533079
1.47392197894
1.44809599129
1.46820093993
1.46411850613
1.43657161325
1.4499772412
1.44921668497
1.44892684425
1.4540608653
1.48711734574
1.45805658326
1.45536868181
1.46988230821
1.46649275484
1.47571609736
1.43666488786
1.4837314447
1.47233827635
1.45405020546
1.46082784749
1.45589869153
1.43070227511
1.45340978392
1.45820780412
1.49205261301
1.4418699664
1.45393191037
1.45368497275
1.47209306771
1.45691283198
1.45523228386
1.44969858936
1.47195550204
1.45461506936
1.46734931083
1.45942077551
1.43758478011
1.46623088223
1.44715583128
1.46863133563
1.4788661197
1.46078711659
1.46359488931
1.46267973255
1.4679209788
1.45620774617
1.45909595298
1.47119203369
1.4533027902
1.45695367119
1.47475557297
1.44888715917
1.46090725236
1.47008367109
1.45660770285
1.46851149127
1.47269854349
1.47121650344
1.4598513623
1.4540306049
1.46448523379
1.42523331423
1.46541291109
1.47741463374
1.46491126011
1.46899829816
1.43298185613
1.45416952244
1.44268776941
1.45596359845
1.47387143266
1.44502664335
1.44824479975
1.4377433707
1.45136142983
1.46593963041
1.45942077551
1.46448489238
1.46755170267
1.43656047558
1.4592909237
1.43712560342
1.47776385123
1.46558725431
1.46126452089
1.44652791193
1.47054037687
1.44674462156
1.45182850227
1.45301445278
1.46023183091
1.47736082255
1.46357029213
1.45015344016
1.4530068823
1.44941263966
1.45092970195
1.46355491868
1.45871793024
1.44848541587
1.46637034885
1.45103204651
1.47137656635
1.48086292411
1.44541585712
1.45790706151
1.45880396216
1.43908512604
1.44138995418
1.45920115132
1.43062014525
1.45643606108
1.44706150526
1.44265033879
1.45628946298
1.4557698994
1.44215810506
1.47810757389
1.45871793024
1.46920182412
1.42428754119
1.45649373497
1.462279727
1.45678069729
1.45709608468
1.45648377952
1.46541905269
1.44869216882
1.45100964849
1.45816802873
1.45448203839
1.45043510713
1.45830518068
1.44749058719
1.45935362404
1.43372835642
1.47349041395
1.46181052124
1.43062608672
1.46783207486
1.44976756758
1.43808970513
1.46023046126
1.44940022078
1.46016882586
1.45089007165
1.45343111292
1.46273852756
1.45828426584
1.44406405675
1.45048198886
1.44182003038
1.46743347379
1.46875525531
1.47788768179
1.44921530492
1.47241638133
1.47599085363
1.45420012378
1.44259003185
1.45785115838
1.45551537264
1.44442964522
1.46588539798
1.45778359162
1.45449716397
1.44206795956
1.45072878237
1.45601167578
1.45743816335
1.45760762896
1.49002114079
1.43881652757
1.45338845461
1.47466979355
1.45171347035
1.46659946816
1.46338170004
1.46004486232
1.4720536675
1.45207300092
1.44843950512
1.45646901786
1.4649996587
1.44206969318
1.45639108759
1.45519689389
1.44961408658
1.4502268788
1.43999791667
1.45659774818
1.45854893644
1.47504372817
1.43189315244
1.44439364441
1.45287198335
1.44494082924
1.44353212642
1.44601625164
1.45853968064
1.46387021283
1.45916996954
1.43309769381
1.45863874897
1.43395571759
1.45214083339
1.48477270988
1.4593704122
1.46894145561
1.46148212442
1.450634344
1.45723917049
1.44954406625
1.44823478759
1.48887407124
1.45505532541
1.46017704406
1.45942728493
1.46192954687
1.45503402022
1.45307019789
1.46437904929
1.46549309108
1.45442428473
1.46245478563
1.45281967222
1.45788476911
1.45440640813
1.45525392973
1.4592306192
1.45502542933
1.45202134971
1.45953177423
1.4673976966
1.45866857099
1.45580802306
1.46105064936
1.46433670991
1.4614698081
1.4466250378
1.45692724595
1.4607850629
1.44960615341
1.46595531992
1.46583935
1.46308441315
1.45995753363
1.45641408947
1.46669049223
1.45764055926
1.45992431311
1.45870833274
1.46539448614
1.46199521203
1.45824997857
1.45538482883
1.46986291878
1.45861783891
1.46531668932
1.4566636537
1.46403039586
1.46006506704
1.45864389074
1.460378718
1.4639152981
1.46748049391
1.4588913599
1.45634130615
1.46022121612
1.46019348033
1.45409043735
1.46593587854
1.46727911455
1.45545181988
1.45960302822
1.45852116886
1.4590856726
1.46403756782
1.46377935496
1.45001275856
1.46011266689
1.45867645487
1.45593852892
1.45218800436
1.45528897474
1.46544464242
1.45854242311
1.45618783129
1.46844305303
1.4587984782
1.45529447192
1.46002945176
1.44527851987
1.45777227302
1.45895647639
1.45462881863
1.45775478048
1.46074330394
1.46061699292
1.46113414853
1.45617890384
1.45953588514
1.4667481038
1.46037323996
1.4618077849
1.46158680892
1.4631490013
1.46344627506
1.46344559175
1.45998082179
1.46019450759
1.45926351287
1.46096714542
1.45230127728
1.4643981699
1.43962842428
1.44114711255
1.44903416109
1.44625066984
1.46135861444
1.46032667578
1.45200172176
1.46106057369
1.4674488066
1.4625132478
1.46098767962
1.44823789482
1.45772322476
1.44122517325
1.47021563044
1.44389542558
1.44917459266
1.45555968617
1.4478522024
1.44078416149
1.47360883548
1.44990758326
1.44970272815
1.44436041209
1.4530660687
1.45661697093
1.44696717309
1.44343028928
1.46072139712
1.45903015733
1.45234741023
1.44770646196
1.4414194393
1.45663653668
1.46089219315
1.45405433186
1.45260249208
1.43474701603
1.45903701118
1.45108717864
1.44999206894
1.46494027182
1.46215218086
1.45855407853
1.45352846549
1.46481534672
1.45023618766
1.44908867914
1.46665640148
1.46106160034
1.4508656037
1.46235905304
1.46832046911
1.45267821626
1.4692545729
1.44257720764
1.46220484201
1.44406786544
1.44228221926
1.45247650583
1.44804592469
1.45141792741
1.46166377803
1.45271676524
1.45152953811
1.44970824651
1.45749476843
1.45364197793
1.45329246884
1.4601321858
1.44121268382
1.45606421562
1.4642366612
1.45054851694
1.45875083548
1.44794785818
1.46329593726
1.44430606175
1.45444903658
1.45488006379
1.45714309524
1.45108580036
1.47124335173
1.44391828024
1.45889375898
1.46878351026
1.457140007
1.44850578183
1.45160221824
1.44089034975
1.45242349196
1.45733764104
1.45982361948
1.46329149523
1.45444078601
1.46387533622
1.45516253388
1.44714270202
1.45244242571
1.45227029165
1.46234913752
1.45082390386
1.45771670773
1.46567288301
1.44640450774
1.45747761561
1.46111532741
1.44368313698
1.44726017011
1.45430155057
1.45049095137
1.45662658221
1.45023618766
1.46058378739
1.46069195931
1.45651467552
1.45315553194
1.45636602542
1.45836003785
1.4726710427
1.46942471736
1.45341184803
1.4478801746
1.45875083548
1.45784292707
1.46035783286
1.45806652797
1.45653904857
1.45992260069
1.45275668988
1.45397558439
1.45595947746
1.45424378974
1.45562666917
1.45566651401
1.45113059371
1.45453153971
1.45002551702
1.46262606294
1.46234947943
1.45930976835
1.45492302202
1.45793724145
1.46454839456
1.46729342669
1.46439612127
1.45310495147
1.44576899953
1.45701612894
1.46258845886
1.46203727723
1.46063308192
1.46400614753
1.46538117908
1.45907984703
1.45841317877
1.46110437683
1.45211914112
1.45033444419
1.45638559455
1.45356595998
1.46528973244
1.45949751627
1.45503058387
1.45392262518
1.46226502386
1.45915249374
1.46537674337
1.45476389837
1.46604672504
1.45870010626
1.461378801
1.45788682688
1.46016985313
1.4519452469
1.462641788
1.45799519889
1.46492457144
1.45350713793
1.45531233761
1.46208447088
1.45713760503
1.45075635446
1.45488006379
1.45957391043
1.45959240886
1.45719113365
1.46063753204
1.45587739868
1.45764639059
1.45696774158
1.45325187081
1.45930565681
1.45922273831
1.45216700142
1.45005551618
1.45997020518
1.45809533296
1.45682874766
1.45845054767
1.46100034223
1.46441182732
1.45851911198
1.46063205497
1.45592959995
1.45753319002
1.46226536579
1.46042014503
1.45399243464
1.45314899443
1.46370659628
1.46163299087
1.45297832055
1.45404986159
1.45989246179
1.46024176081
1.46281167619
1.45734759066
1.45877380015
1.46395525888
1.4610985593
1.46209814992
1.45756577896
1.46544327765
1.45731705541
1.45192424045
1.46140275078
1.46927397037
1.46076863329
1.46028011012
1.46202906948
1.44948818553
1.45357318357
1.45217801939
1.44849887815
1.45313075805
1.45597973887
1.45600618131
1.44887577107
1.44833214423
1.45647004775
1.46401468572
1.45407737071
1.45721755411
1.46486722948
1.45734861993
1.45074532569
1.45911685618
1.45769715648
1.45038029496
1.46133397962
1.45944133147
1.44725464242
1.46107460453
1.46801566749
1.46486210955
1.45997089012
1.46674639935
1.45838643713
1.46234400877
1.455327111
1.45345966576
1.46874129785
1.46306151614
1.45778221967
1.46065464775
1.46475970726
1.46447157705
1.45817180058
1.4549587623
1.45691077283
1.456496138
1.46119437448
1.45946634082
1.45739699464
1.44984240523
1.46145304406
1.45071775339
1.46072892762
1.45356286414
1.46428036933
1.46133979621
1.46199247604
1.4699598634
1.46679003269
1.46091683542
1.46366013815
1.45766731458
1.45512542415
1.46163059629
1.45745840421
1.46297026627
1.45496288612
1.46077890182
1.46099452429
1.4593385488
1.45945777603
1.46018731675
1.45227580025
1.46243461392
1.45264861546
1.46137195813
1.4589849211
1.46282398121
1.46130660712
1.45706108314
1.46535797674
1.46468085261
1.46032393667
1.4489171819
1.46180641673
1.45028479962
1.45032444646
1.46683536909
1.44977446522
1.45975819915
1.47225201647
1.46416665718
1.45778496357
1.44958580291
1.46126452089
1.45931387988
1.45141964986
1.44920874963
1.45972942698
1.44795649106
1.45354050511
1.46362358549
1.46703987676
1.4599051339
1.45691935261
1.45603124966
1.46789543224
1.45741586378
1.46650707465
1.46744982878
1.46681082625
1.46142738444
1.46154746758
1.45885777237
1.45815602732
1.45481613959
1.45777227302
1.45664580458
1.45962255395
1.4589602462
1.45893145829
1.45508006653
1.46131379245
1.45021170868
1.45267029983
1.44792886566
1.45176754338
1.46491842776
1.46345823309
1.46159194032
1.46001575334
1.46922904954
1.4595800766
1.47183015324
1.454135482
1.45316103719
1.46635398182
1.45930051737
1.45143239595
1.46640444626
1.46225134638
1.44823271611
1.45585541865
1.45368978809
1.4537437876
1.45537658357
1.47207812293
1.46086173199
1.45984142975
1.45421800291
1.45463259966
1.4493864219
1.4597900534
1.45683080692
1.45240386945
1.45573830066
1.45536627692
1.46195143558
1.4542984563
1.46198529404
1.46464398405
1.45963043268
1.46331746385
1.45691386156
1.46465081163
1.46373802301
1.46053517589
1.46193330901
1.45697975278
1.45803737949
1.45815225542
1.45652634717
1.46257102392
1.45639108759
1.46418919543
1.4530044735
1.45660564327
1.45832575236
1.46513275849
1.45108614493
1.45356699192
1.45331827209
1.45160394047
1.44921219978
1.44760871785
1.45222863214
1.45071878736
1.45530271765
1.45916722825
1.45138003293
1.45639864048
1.45833158095
1.45840872186
1.45719216303
1.46393613249
1.46994183558
1.45357111969
1.45023653243
1.45451194564
1.45499347078
1.45054817224
1.4599989726
1.45738327148
1.45518761677
1.45448925744
1.45946908155
1.45142033884
1.45624482832
1.45681364628
1.4627002427
1.45017964404
1.45744811228
1.45505223274
1.45746903912
1.46196066979
1.45496151152
1.45627263931
1.45731122277
1.45858390228
1.46128915687
1.4527639175
1.45324739807
1.46009794192
1.45767554689
1.46506552754
1.45745017067
1.46451391253
1.4595029976
1.45622834748
1.45101826315
1.46112730452
1.46271152317
1.45490205856
1.44748747836
1.45879025223
1.46127136426
1.45971675335
1.46386167379
1.4623330674
1.45198829196
1.45000448275
1.4674893526
1.45996506808
1.45803292144
1.45851225569
1.45928407104
1.45273879276
1.45279626927
1.45638490791
1.44802796934
1.45125876397
1.4624520505
1.45709574154
1.46363417561
1.46652412186
1.46829186472
1.46446372437
1.4611427035
1.45821877645
1.45655655572
1.45805521157
1.45723882737
1.45793655555
1.47007686874
1.45607314377
1.46472727837
1.45723196506
1.45735959873
1.45358763066
1.46044821887
1.45777570291
1.46705180549
1.45516768793
1.465720983
1.46008013479
1.46079327764
1.44805283053
1.45716608525
1.4579142636
1.45737640985
1.4584255209
1.46235734347
1.46140788283
1.44820923903
1.4664382019
1.46779221963
1.46012978875
1.46035166998
1.46325185802
1.46713155511
1.45821877645
1.4604677333
1.46624179452
1.46858877839
1.4563066298
1.45825580746
1.46077890182
1.45814574032
1.44767330569
1.45574791774
1.4612354362
1.46000342465
1.45819134547
1.45842037835
1.45444009846
1.45069190389
1.46169319626
1.45559953284
1.45360861307
1.46574963756
1.46411031005
1.45041683664
1.45993869734
1.47005306027
1.46100308008
1.45283550342
1.45299346179
1.47718820737
1.47014148979
1.50108960425
1.46333659833
1.45336574887
1.47737977514
1.47540807914
1.43770129025
1.49635924831
1.49204322994
1.45878031245
1.47405495149
1.4732172277
1.50293745712
1.47403256409
1.45397867935
1.46483924033
1.49895597
1.45974655334
1.47592716622
1.46582195372
1.45618474103
1.50781729662
1.46466856319
1.45354841681
1.47274267949
1.48063398583
1.46956524183
1.4560501365
1.49408333101
1.48669768279
1.48737285171
1.47481863292
1.45940021927
1.4710839541
1.48367179659
1.48372268298
1.47056553747
1.46895064587
1.48799764785
1.48442076245
1.46611186476
1.4916075221
1.48789280528
1.46116597278
1.44614522092
1.43574649573
1.45715270305
1.43950894405
1.44631047842
1.45586881277
1.48015674846
1.45158224018
1.45341288009
1.43394316484
1.48232722433
1.45339980735
1.44413780506
1.45725049322
1.44982550674
1.46749752981
1.45468381444
1.46414958252
1.47075694797
1.46500989758
1.46273203288
1.45735136463
1.46904220498
1.44973273399
1.44959097679
1.44697131969
1.44772373055
1.46048108512
1.4620379612
1.48311361669
1.45480067363
1.43614379503
1.46470338294
1.4578412122
1.46167198783
1.46533886866
1.45369081995
1.4709377961
1.45405570732
1.45228475169
1.46067039403
1.44647191469
1.45366330352
1.44693607323
1.45854790802
1.47107477716
1.44598029032
1.45460544479
1.47339709515
1.46389958672
1.46268862032
1.4637984834
1.47018672283
1.45692827552
1.46502593834
1.46700715745
1.44945024061
1.45580287127
1.47622864083
1.46403995847
1.4634732659
1.46371240345
1.47730294794
1.46543543017
1.45632757304
1.4539418833
1.46618723225
1.45950608084
1.47029078757
1.44410837543
1.4675459107
1.43898610139
1.46535047002
1.46618075284
1.45007103274
1.44627694443
1.46618211693
1.46132474146
1.45197864998
1.45103342484
1.46275288412
1.43045482277
1.44275638969
1.44002013875
1.46645524991
1.45925289104
1.46852204614
1.45691489113
1.48555848084
1.46385313471
1.46122345998
1.46573565147
1.45031203539
1.44956027815
1.43541561925
1.45410350388
1.46588608016
1.45397558439
1.43426531716
1.46349513153
1.46089903826
1.46595804851
1.46522523866
1.44582191158
1.44516365855
1.51860725667
1.49332950148
1.49262821895
1.4739596331
1.44686626887
1.4645200579
1.44311364764
1.51010926757
1.43430645261
1.45086663757
1.45085388651
1.45357799928
1.46372845842
1.43345945182
1.47752292706
1.47411024011
1.45068397661
1.43866639635
1.43134132896
1.49819291148
1.51796739095
1.46664174221
1.47912981175
1.45639108759
1.47909330334
1.47723965557
1.49906804382
1.45526148853
1.46366936157
1.44678989491
1.47248565358
1.4652416183
1.4583764946
1.49825431753
1.48663209975
1.49320527725
1.49243693334
1.47610331617
1.46759190513
1.48803528184
1.52164976259
1.40391096584
1.45986334977
1.45475702439
1.47285912429
1.48180363071
1.47249719864
1.45509243693
1.44135977466
1.48275048474
1.46729887889
1.46078985484
1.4204851284
1.47149787632
1.49420012047
1.44965547631
1.46228656562
1.47563410099
1.49476051594
1.46503003382
1.48919777061
1.46723856274
1.43418583175
1.48183939751
1.47151656464
1.44855583254
1.47106016192
1.44572023573
1.50111991526
1.43866882916
1.46538117908
1.44127617062
1.46762733689
1.49311285575
1.45910966003
1.48912524658
1.45707583879
1.50186717122
1.45291500095
1.46775542922
1.4960594908
1.48072009509
1.44925567103
1.41568817188
1.50739178716
1.44930914577
1.48801108867
1.46098733739
1.42010316527
1.50101598926
1.47077394592
1.49348083349
1.42130433054
1.50429352189
1.47262079301
1.47350500508
1.43302302843
1.47654359909
1.45254982703
1.46128505091
1.49880352281
1.47586381486
1.51041550575
1.4527367277
1.4472380592
1.46173663839
1.4437915362
1.49035599774
1.4717863296
1.4398295038
1.4936016872
1.43362965929
1.4685547317
1.43342736126
1.49020401288
1.4667358317
1.4636082126
1.45666262395
1.45694680754
1.52229629179
1.45697151654
1.4416806165
1.48820865473
1.49176070467
1.50283232598
1.46698432166
1.49206501199
1.50111491899
1.46730399032
1.49385072882
1.48198313081
1.51719346163
1.50195938693
1.45545662938
1.46676821618
1.47492101483
1.46800885556
1.49012784686
1.46749787053
1.49456783051
1.49345538936
1.4860050471
1.44085842469
1.48382950503
1.50735098766
1.4963084575
1.47029248791
1.4842085433
1.49415561439
1.4663144274
1.4866808669
1.4931074978
1.45807167176
1.47777738513
1.4511974366
1.5040435499
1.44955303456
1.47971416159
1.46292686078
1.48173884339
1.482839843
1.47106050181
1.49662854443
1.48081430301
1.50283798195
1.44597199143
1.4508566435
1.49534945748
1.46343636691
1.48782559462
1.47415094207
1.48757151089
1.48272317039
1.47288560316
1.48465922016
1.44458263869
1.51421167609
1.45357971918
1.46586970772
1.46078061323
1.48885392165
1.4450826966
1.50528834447
1.46232486131
1.45468656418
1.44196116453
1.48645652476
1.48893955552
1.45727622639
1.49405120394
1.4763431173
1.51303701211
1.46762869964
1.45680609554
1.4795614215
1.47895943149
1.46577010476
1.44297920983
1.49111669563
1.47331530909
1.46452039931
1.48242976225
1.47009217398
1.45049405376
1.46785217239
1.49095841659
1.45738738845
1.45989691417
1.46811205294
1.47509796285
1.49224562321
1.4742618492
1.49415527975
1.48161904685
1.4667010602
1.48192206273
1.51852625924
1.49202613918
1.46265443629
1.48268068039
1.44622301185
1.4582911232
1.4676515254
1.46928145704
1.45731122277
1.46094524196
1.46871576556
1.45719902553
1.50147693955
1.46669185584
1.51271213388
1.5031400467
1.4841313958
1.45902775847
1.45901816301
1.48099189734
1.50421341571
1.4984802301
1.47693534049
1.47692146034
1.49938187264
1.48307450925
1.49182338097
1.45302890542
1.49264898754
1.48697545373
1.46423119759
1.44857240068
1.52198883045
1.47467691377
1.45434452589
1.43045342462
1.47799424897
1.48757621653
1.49101073101
1.47166028689
1.47911493806
1.47417671939
1.49016039405
1.46536445978
1.45898080865
1.48716576077
1.49323340439
1.46896902622
1.49829236132
1.49777334734
1.49514012721
1.47769888678
1.473916212
1.49617512344
1.46165283156
1.45499553264
1.4958271959
1.4640959668
1.50358970467
1.48067315772
1.46308543838
1.46983604528
1.48967949573
1.50533484647
1.47833081548
1.48313552988
1.47911798042
1.45957630839
1.47780512924
1.44907039166
1.47666177576
1.45662555243
1.45121638635
1.46340356703
1.47680635156
1.49147209159
1.45798662545
1.45834049522
1.46599147337
1.47171294755
1.46430734479
1.48149519068
1.48314429507
1.45187327271
1.46459072781
1.49088195374
1.48706153202
1.45652909343
1.49921346045
1.46072584697
1.50141266812
1.46278535678
1.46606718809
1.48572002746
1.49402108419
1.4719735052
1.45182436954
1.48468582535
1.45831169508
1.47068011478
1.4544696628
1.45562769965
1.48117689693
1.43978678977
1.48027868998
1.46804836433
1.47560224993
1.48042899188
1.4773388237
1.53048227693
1.47636513099
1.50574798688
1.44279520376
1.46193912322
1.50480198033
1.47207982121
1.45499862543
1.49461767687
1.50119752198
1.48564093912
1.46765697627
1.49221814759
1.48913129038
1.45724260163
1.47169663994
1.47679551733
1.43719796827
1.49224763361
1.50546139107
1.4279982493
1.44958407828
1.47310216889
1.45134041493
1.47502474556
1.4954952357
1.46932807773
1.50995463508
1.46321221974
1.50360932426
1.48199898785
1.49104091158
1.47389857182
1.49376671539
1.4983547644
1.47470132569
1.4627053702
1.51510098673
1.46515562313
1.44847264386
1.48888817579
1.47913488229
1.46602319218
1.46417007209
1.46371103706
1.50146428529
1.47883095721
1.52507770294
1.47701997278
1.47409531578
1.45100689178
1.46496996556
1.47530945906
1.50459230358
1.45502199296
1.45155089473
1.51044033315
1.4939106399
1.47770666913
1.4573915054
1.49715129496
1.47663468739
1.47211310707
1.45047026857
1.48961572226
1.49261850451
1.46586970772
1.46258333096
1.45718461425
1.44508096659
1.46037974513
1.47769922515
1.47283468183
1.46037563661
1.46196648388
1.46490409242
1.44214076983
1.48941431442
1.48450463118
1.47807915891
1.51351610497
1.48793010589
1.44453798842
1.50025197884
1.46686638792
1.46625611678
1.48696671113
1.45737400828
1.44435210389
1.51529865043
1.51001390722
1.48226751971
1.49047442112
1.47759060636
1.48753050389
1.49550192243
1.48640270452
1.48262301345
1.46576328239
1.46899591558
1.47488372423
1.42933481032
1.47710189222
1.4349578391
