1	146.887431594	-109.006319961
1	-80.4431131442	-104.496712639
1	-170.477072476	-97.9940727084
1	-179.632050127	62.9717637962
1	-124.199493952	-128.611555563
1	-164.305333196	-107.032127748
1	-114.607128398	45.1961465832
1	-137.559962186	85.9514423213
1	-174.235522806	57.5565179395
1	-112.227957091	-62.9246495124
2	154.680884812	66.3152993502
2	-119.460672706	148.062520104
2	-119.808423641	-31.1539183967
2	-165.021315665	-143.103011986
2	-110.774622394	154.750776836
2	-170.791857809	174.370450191
2	-112.241569457	-32.5025226283
2	-111.161629344	33.4570061908
2	-90.4037546219	-166.531552704
2	-123.293376099	49.0876804814
3	-105.965202669	-94.1853927668
3	-165.867545518	78.1791152573
3	-144.2392313	135.666694721
3	-151.043788346	-147.359187674
3	-175.861463961	-129.271733849
3	-144.165889853	33.1235629761
3	-169.824107931	178.261682411
3	178.579888265	-82.5521189703
3	-78.6061936791	-7.74725758528
3	-100.729349571	-160.095972401
4	-139.834284902	-14.2533484259
4	-65.5958829921	93.4895128088
4	-177.345791335	127.770408468
4	-117.37296875	65.1854935568
4	-149.039478138	95.3900759134
4	-159.318158248	135.116868538
4	-108.936172196	-0.893454042367
4	-96.1767359279	-154.259017814
4	-63.2361688721	151.091327338
4	-114.018157627	-77.6600448508
5	-14.5127049561	-152.49840676
5	-75.3393860491	137.052513529
5	-80.7063635919	-126.748415485
5	-112.345721264	-57.0872459903
5	-179.321909612	163.176084232
5	-25.5637673323	97.2670647807
5	174.766647661	105.390117284
5	172.831357568	3.04865468229
5	-125.880796226	-148.169856278
5	-91.5115992274	161.704506248
6	179.716857569	-153.735759774
6	-64.7901060803	92.6173430984
6	-81.8016412866	-156.178918127
6	-126.632351484	-92.93374716
6	-84.8777841319	165.432406772
6	-131.390026497	104.240843032
6	-173.335933363	164.80425345
6	-172.337028125	-128.391591361
6	-143.744840405	-148.809497527
6	-113.873706442	152.115929287
7	48.4246250956	64.3685313711
7	-73.3229819834	144.828444922
7	-156.423613002	169.34168971
7	-79.8328479855	82.7791984457
7	-90.3877868285	52.6997427243
7	-134.225399634	134.146156885
7	-23.6009040582	89.4115815142
7	-89.3255231826	75.5034316875
7	-143.114268119	159.30730381
7	-170.630943465	-152.53508172
8	92.4751146587	-39.3281332593
8	-167.483021147	-104.404600476
8	-115.270421837	11.7311590197
8	-57.8336681703	97.5092100056
8	-97.8238961944	-59.7974470561
8	-169.176703615	158.676331835
8	-95.8847106376	104.391306206
8	-123.310545396	-46.4533244565
8	-84.5129948487	139.75049051
8	179.698150224	-1.7475129099
9	-56.0161582124	177.45357427
9	-164.446313243	79.129723883
9	-72.5623274944	-139.578356545
9	-90.8214280428	95.7006197891
9	-78.1994751853	97.1013132983
9	-165.429398076	57.3765735733
9	-64.308065071	-88.2584572277
9	-169.953500581	157.918858388
9	-104.706137091	135.471866711
9	-77.4774781709	-29.7712693883
10	-48.2145085509	97.2999791469
10	-79.4788174201	-101.124331161
10	-120.127738686	-97.4128779342
10	-160.914791676	39.5885841999
10	-178.816066342	51.3605456747
10	-87.083813817	50.0949419137
10	-118.687785419	12.8732088159
10	-55.9466479681	147.296376536
10	79.2857222948	-57.0796990259
10	-146.841956837	-117.857103071
11	-122.54673142	-142.755314448
11	-116.909201502	-58.6511001594
11	-89.1324572502	64.2950072745
11	-114.399350428	149.752495884
11	-123.226119515	-108.395180363
11	-117.598254516	76.2814607144
11	-105.246357994	-143.414042403
11	-90.4093962814	-55.1164006532
11	-68.9670854398	-21.7216133799
11	-156.883448563	112.085700791
12	97.9754174207	40.1965911166
12	-143.16440179	96.1641894819
12	91.5583986136	94.7576814273
12	-143.577080928	161.859602514
12	-170.86529064	-109.395454041
12	-67.3751238545	-168.693539321
12	-170.207396934	127.292414299
12	-84.6145910146	164.532116923
12	-163.567825531	-81.6961134522
12	-157.142850399	9.81788042214
13	32.3830822512	-68.8576274778
13	-126.291045447	125.480302368
13	-74.4071084855	151.536159824
13	-96.7203182513	-156.735214866
13	-163.335271126	162.53151926
13	-63.0442447858	-31.1279324583
13	-136.502280519	-117.005468917
13	-141.733736189	142.090076423
13	-121.16414355	169.101474644
13	177.615325822	104.841314889
14	-71.8832295171	-78.2077715694
14	-81.0044589447	-168.951603477
14	-56.4018062283	-29.1223492972
14	-163.240710106	45.2994641355
14	-39.959365285	-75.6246964684
14	-40.548973853	88.3588941201
14	-153.734896906	164.405071281
14	-162.683885017	-179.119644447
14	170.925193197	157.614026849
14	-55.3159239268	-122.141677351
15	-178.562152949	-64.522420677
15	-74.1938762964	-6.79597693763
15	-165.727944115	-95.9465922509
15	-120.555505077	-169.887006085
15	-118.598520795	170.09447916
15	-55.4430023818	125.230375819
15	-98.1266609695	3.16484557861
15	-146.069966001	60.4435202972
15	-64.5483762593	165.246986187
15	-133.658954713	-86.0852794176
16	57.633213017	122.25829011
16	-86.7652123777	133.863329735
16	-104.353879981	137.410898191
16	-16.9229096499	-67.7183911854
16	-126.502986202	-106.801119091
16	-155.824134422	158.007066651
16	-95.2484796009	30.0419814051
16	-139.47633695	-81.3604481762
16	-144.9889358	-66.3847625136
16	-50.9071255338	-136.096866767
17	-162.325943108	11.8528805918
17	-138.614528582	129.656049432
17	-52.108322213	-42.9162107205
17	-124.593648703	135.557155681
17	54.2067124111	-155.014986954
17	-105.965557966	-70.6609895439
17	-82.4045812447	120.229919195
17	-137.906126455	125.07296122
17	-99.6435005489	169.966139304
17	-72.6398525708	-75.6033221806
18	-92.2824554074	-84.0805678589
18	-52.0589782691	165.354821913
18	34.2269714534	-86.6255154718
18	-165.019224813	61.0613920261
18	-103.977958632	-137.481927695
18	-159.89466145	-63.9278473236
18	-170.321425373	48.0046572786
18	-139.585700973	-178.803967394
18	-72.6025637728	-37.5053303046
18	-68.815047965	-37.746969347
19	-153.305755597	17.143411024
19	-119.778903752	91.8312085665
19	-154.559691927	-123.588686385
19	-114.078583379	52.9833392946
19	-107.643703203	-21.722977267
19	-46.4081794833	165.749321701
19	-104.69377375	156.528241847
19	-70.8197134312	-176.680645674
19	-53.8819134892	143.99573324
19	-138.19703203	90.1899988392
20	108.455420297	92.4273023339
20	-125.649051792	-45.5106073284
20	-160.261453329	46.3519766866
20	-161.302948902	93.1974937641
20	-132.896987878	-127.367564432
20	-163.029594603	-166.990160326
20	-168.528828306	-147.517765128
20	-82.0023881041	-53.7222109809
20	-139.267599034	123.498785065
20	-179.860894016	128.718302702
21	45.9840488525	22.0140991355
21	-86.6721204212	105.102946398
21	-149.626372074	30.6332337151
21	-58.7595080033	140.158736119
21	-151.714370002	80.2247596346
21	-124.659101782	48.7238218123
21	-170.478247911	104.345037653
21	-111.442814635	-8.80608237919
21	-92.8799540829	162.482683986
21	173.947093433	-72.482443857
22	-70.5986669345	-40.7742612101
22	-74.9730718307	92.1775374404
22	-120.774811055	-76.2587201446
22	-165.802016511	-73.976856107
22	-142.495431085	-105.154859024
22	-156.403177141	-103.335128534
22	-72.1991002962	61.2592947186
22	-146.056883398	72.0310401398
22	-102.365726549	-66.8286972475
22	-108.39038279	-26.4472748815
23	-163.745813157	17.8693200229
23	-43.7590992262	150.427737766
23	-119.387925887	131.992534082
23	-128.78175421	-81.0499957096
23	-97.2762030637	91.322316068
23	-144.571009096	51.2862653557
23	-174.226001016	25.7493212838
23	-68.0770569948	73.884988364
23	-138.069405575	30.8096008861
23	-112.410664329	25.1394082257
24	169.126526456	171.400481052
24	-148.70806549	-59.3651734976
24	-156.388905852	-86.69440632
24	-107.956664155	169.73214131
24	-68.3294350409	139.801015774
24	2.63087011402	82.8768252036
24	-167.285682335	166.433666551
24	-89.5444264387	-99.8593618107
24	-105.801493198	-132.429897984
24	-129.584747756	-163.473720191
25	68.6935145265	118.873627703
25	-135.280709583	56.4079430271
25	-35.8465508365	-80.2490735607
25	-114.901907222	-92.5227423947
25	-96.5113559273	119.578404827
25	-155.258745711	-46.8560943457
25	-69.7274095885	-41.8187754612
25	-136.495677373	-147.987710833
25	-80.3550359373	-26.4271044542
25	-136.448360355	92.3394745618
26	69.0809576933	173.073579094
26	-77.9616275329	17.5327971249
26	-152.66656636	42.2158788244
26	-111.736548529	1.38975102048
26	176.415358758	24.0977622009
26	-160.164859285	28.125584355
26	-65.619456998	-97.2551259326
26	167.217368448	178.861773402
26	-100.143812232	162.196932606
26	-138.564440929	-65.6010967074
27	-56.258475486	-76.1892482227
27	-97.3156209814	97.9036551279
27	-139.10950706	-131.4721575
27	-96.5948324938	-99.2419531156
27	-166.653801308	165.951411013
27	-106.676763012	171.726754599
27	-80.1284150692	6.1487461607
27	-122.722166	19.0099003067
27	-111.574221443	116.884122518
27	-153.571619285	166.431893085
28	134.402377873	45.0855225055
28	-135.923316938	-9.99233667143
28	-173.538117069	117.680900304
28	-98.7150115605	-1.1521833279
28	-50.1458923203	154.609677
28	-61.197705992	158.263942579
28	-133.248063528	109.828605327
28	-147.190745869	-121.82674881
28	80.1405420603	-62.4788321938
28	-173.736102842	7.70267294783
29	-172.771775809	80.4182082234
29	-115.974151479	46.0875192713
29	-95.2272802278	62.7986146968
29	-88.2547719501	-157.894895538
29	-94.5788043367	174.258499064
29	-60.2009368071	82.0223419287
29	-179.19195511	94.7281362127
29	-118.588662995	62.2679443035
29	-118.008626761	135.368366822
29	-127.210199391	-106.424777437
30	140.288862274	-67.2174373229
30	-159.737322305	118.510307292
30	-119.028734549	134.189465395
30	-100.981602333	-12.3729909801
30	-173.751753715	-64.5965230373
30	-176.605622133	138.128178696
30	-107.389087932	-177.41831256
30	-71.3201151566	-138.010013319
30	-32.7726940514	-42.9238572057
30	-121.30668644	-108.009983258
31	157.011890596	-25.7199651098
31	-139.392712445	125.128580589
31	-151.623883612	40.8467728781
31	-87.0841017676	121.263713178
31	-91.3256569119	-165.292528151
31	-137.579856172	81.6966034209
31	-102.010298498	-59.0389999003
31	-33.7613195924	130.664524169
31	-133.732664832	136.595952468
31	-105.982904681	-136.536213098
32	-71.318429917	96.9882897183
32	-74.3374975062	130.061083061
32	-128.760130354	148.69647553
32	-125.499797773	125.540769544
32	-179.148257046	-129.559267249
32	-148.938992177	68.3177058082
32	-129.413277426	-168.214276104
32	-169.671533732	59.2259429468
32	-107.973307184	14.7845579849
32	-90.2762667971	-15.4806874083
33	-89.2347872726	131.023429809
33	-88.5627947731	37.5893026321
33	-155.650791003	85.0372847614
33	165.187190215	-169.277035048
33	-63.0714570657	169.654639717
33	-129.910811499	-51.0130411855
33	-98.5726278372	179.970571924
33	-95.1254970158	103.382706903
33	-129.41484642	159.954517853
33	-126.440834371	-92.0163846023
34	171.446189533	139.44680453
34	-137.113085156	-93.7289325798
34	-151.405359675	138.015681945
34	-165.226513034	-174.129071059
34	-111.260411776	-54.7378107946
34	-55.7430258466	-83.24717307
34	-120.984938234	-110.365402838
34	-113.526802481	174.793207766
34	-122.280207572	19.2293363955
34	-65.8269785755	163.593224571
35	-152.707873033	147.437744545
35	-64.1452551485	78.9240623835
35	-148.588111962	2.35386377598
35	179.637758597	-179.932384202
35	-149.705643787	-115.780560839
35	-125.172198278	-15.5891964991
35	-138.627080163	1.16066670567
35	-136.880086985	150.187616876
35	-128.879502126	26.2801688408
35	-162.855050887	-150.39265661
36	134.002145101	121.598915069
36	171.283387354	34.1480010195
36	-163.179509429	116.703361302
36	-172.027100845	36.3229376716
36	-150.245522113	141.832419492
36	-96.2038690983	-140.349506742
36	-156.254008323	-116.785660686
36	-88.4757030971	-111.188754997
36	-133.579614667	90.129378194
36	-84.3347876946	-40.6554406215
37	125.993586466	177.100432934
37	-153.912112123	-82.0133545397
37	-70.6819755278	94.4530544512
37	-54.5142642776	90.3304505426
37	-92.2377528002	36.6995053395
37	-177.676963044	103.420461446
37	-170.322964877	177.752825545
37	-151.735464272	-152.893379089
37	-79.2209489362	94.7366974935
37	-170.799838997	93.2830495115
38	91.3340380008	-150.599758896
38	-100.871747205	29.1569707304
38	-149.99391505	106.628964692
38	-174.226809084	95.9512382877
38	-54.1533488053	86.7506862671
38	-78.4158784678	-67.2231940486
38	-157.296151145	-159.806521023
38	-132.819926864	24.014128304
38	-101.806971996	58.4276509458
38	-171.684903361	142.965016992
39	89.4512586387	-137.559358034
39	-44.6631637539	-33.2955927315
39	-153.572078304	-151.699381099
39	73.7786879508	-82.8772598557
39	-111.260521621	111.015475365
39	-95.8730535338	-173.009602098
39	-169.004775328	124.634402842
39	-175.232927514	-18.0321581109
39	-61.3510842973	82.5139649104
39	-131.985220563	85.1575407728
40	46.4202787488	78.5253317423
40	-88.3061277229	81.0577815254
40	-104.409161496	26.2485536359
40	-113.358190643	-122.43541682
40	-146.748384448	-159.070675977
40	-171.995633922	-148.99212633
40	-101.752520027	145.054924972
40	-114.209173144	132.658540308
40	-94.603756568	37.2396234744
40	-55.7366254019	-155.46413465
41	-80.4081118269	-88.5612794713
41	-62.7782513557	174.251865538
41	-115.357080205	-156.59985549
41	-60.7446271992	-61.3014857751
41	-130.089502756	23.9177237973
41	-101.414558455	88.9658644277
41	-138.751887295	50.4460758598
41	-146.961492838	-63.6658369756
41	-122.015161917	134.032844878
41	-97.5123479133	-108.869455834
42	-0.0751656092214	26.7291362117
42	-138.596440906	111.300242724
42	-114.72449865	114.806597702
42	-169.588974251	21.166480067
42	172.795757422	-172.149278459
42	-174.65692146	84.085674038
42	-168.169112045	37.6769103522
42	-136.513315021	29.6548112197
42	-133.97816493	57.9328566105
42	-115.313319838	-59.4469826211
43	-50.5113539519	-118.79757595
43	-114.87620218	54.3726053513
43	-71.242382102	-168.159735271
43	-156.664806052	-132.548865691
43	-103.062652368	-11.8291923936
43	-168.567849329	10.474267016
43	-92.7642992596	-168.165919981
43	-170.021577177	67.2923636733
43	-108.501006167	155.630485358
43	-125.537413438	163.026095303
44	-130.556826344	-23.3352435575
44	-129.470675264	25.615101721
44	-173.579258273	175.597698479
44	-128.32175904	138.249830845
44	25.6089591469	-110.916661616
44	-60.9364683127	117.599073372
44	-75.2140750092	-49.8950291566
44	172.901385626	-32.7998853958
44	-135.31769157	-128.825698834
44	-111.755747294	70.3600381469
45	-115.080523858	-27.2927285268
45	-31.9770671629	126.98215865
45	-89.3509726108	-158.069751355
45	-68.7459807942	-172.363221558
45	-135.716462789	-36.0438311845
45	-136.601356155	-168.584129998
45	-142.045905212	169.322482272
45	-151.223906992	95.0102834036
45	-123.337155608	48.6772250392
45	-163.208966944	-104.513462297
46	74.3688957797	-111.02984734
46	-147.039143165	90.7346331604
46	-50.7966642015	130.74327206
46	-58.9389687352	-62.1342410344
46	-101.909284618	-81.263926124
46	-170.21518005	-116.302779455
46	-92.6814904185	-124.515119315
46	-136.778535391	117.683599835
46	-81.4918585761	-63.0130392495
46	-55.0268462479	-177.099885264
47	160.290536128	129.296129922
47	-102.689994852	-159.123791463
47	-108.874502898	4.29825004001
47	-152.828318772	-152.158737229
47	-141.413030713	4.6994165319
47	-142.718534392	-52.652864293
47	-83.2207093593	74.0586651088
47	-141.662535398	-152.979670337
47	-99.9520373716	-21.067420797
47	-68.323369198	104.927427778
48	37.9537134376	101.435268354
48	-162.324889697	-67.5330008603
48	-38.4219230365	-72.0848759257
48	-33.6083257542	132.745596788
48	-119.366239843	-164.994456561
48	-171.752929243	161.393801019
48	-119.654252868	-68.8021470681
48	-64.4177190017	-41.0438765819
48	-77.1086863481	68.2750463369
48	-85.130793409	-60.5450162576
49	-126.31758865	-160.425750526
49	-106.608858324	-48.9171211318
49	-93.1635876748	106.689340419
49	-82.1992180553	89.175777913
49	-135.906435318	-133.637004293
49	-113.911326311	171.360931478
49	-138.058597282	172.904341419
49	-172.074186439	-113.860055882
49	178.753290515	-119.283005372
49	-109.089011296	150.867557975
50	151.454962662	101.214453703
50	-43.2272360869	143.284039692
50	-175.332946602	-110.433943147
50	-156.311053659	-35.6646794941
50	-170.27797037	-163.050637505
50	-134.656856184	155.035424317
50	-42.1529545527	-87.103856086
50	-109.966263944	45.2514710673
50	-160.101648779	-141.887672649
50	-153.75346231	131.987048716
51	3.44736772868	152.028276805
51	-56.677833662	-78.2897450568
51	-153.953217524	73.38034182
51	-164.279185898	-85.191649464
51	-160.094217762	147.692809747
51	-48.0153085011	82.8087314763
51	-109.131512737	70.777481467
51	-119.120533875	-71.6673052448
51	-100.529805245	-26.1043041765
51	-139.908201171	70.2340886984
52	42.0924800667	-179.215198531
52	-157.630029075	-88.4869657455
52	-169.522460082	-81.2723535069
52	-62.6029764442	103.968398286
52	-168.961820641	164.043233976
52	-121.440026576	48.0902477187
52	-125.761730642	94.67401854
52	-109.161113571	140.59235361
52	-107.345371036	-132.586409409
52	-83.1272992017	166.46147667
53	-92.5553358253	-105.794159577
53	-104.639231597	104.451791171
53	-87.9527587354	-130.759670166
53	-91.1848004831	98.1890114301
53	-136.792234041	153.537299217
53	-114.343427049	-48.1008477912
53	-143.661222	-118.341669546
53	-82.0992835811	113.203520752
53	-147.481499576	78.013259064
53	-150.346808605	-159.30261355
54	-67.509226647	115.587516904
54	-102.293865231	-139.241985278
54	-77.815683166	-4.67934894951
54	-153.571565399	-68.3736554908
54	-160.42968299	153.358317158
54	-147.382601209	115.502983741
54	-172.078228504	29.3202222362
54	-152.545768745	146.430518142
54	-34.3354344394	-40.19459439
54	-78.3801330291	-95.89045226
55	-105.027001471	-96.6333348532
55	-112.48273381	-73.431324462
55	137.590403429	33.8695745192
55	-177.385698483	124.892905781
55	-88.8973552482	-25.9678172372
55	-168.929952462	87.087939354
55	-90.5225010218	-150.069628165
55	-93.2810899107	21.5392643368
55	-161.220660458	-59.7460618509
55	-137.17889084	-43.5074394671
56	-84.7166872697	108.071609404
56	-162.47423447	-51.8780785393
56	-86.1636802546	-14.6577396539
56	-173.42522522	146.734759131
56	-160.454393054	-144.24088596
56	-113.989742844	89.8421718285
56	-167.798468635	144.835933795
56	-150.737642087	135.227159142
56	-109.050635418	-157.914242632
56	-90.0981117454	-98.5851116011
57	-94.5862332262	-40.3915109365
57	-142.965222441	107.270096296
57	-117.728169364	7.95180864854
57	-166.981335794	-94.131950978
57	-161.999071613	-121.702989761
57	-160.500568704	-118.616911741
57	-94.8150485605	101.423037918
57	-163.832389888	89.8319619857
57	-67.4449883685	93.5301220904
57	-148.139940341	40.2917001119
58	-46.7230853343	-36.3984711316
58	-109.692156909	99.1600462304
58	-174.208066338	104.860779632
58	-108.814055906	-129.771559262
58	-58.8869572072	-69.5969839063
58	-161.524232739	-174.582897873
58	-55.5028398818	-83.1223868867
58	-112.88081633	115.062479739
58	-149.505888269	152.466619561
58	-87.0568435222	-146.915179727
59	144.296991937	-33.6577156892
59	-124.306104791	-139.17094216
59	-148.414246543	82.2198470051
59	-30.6449966825	-62.1964672186
59	-40.4428778278	88.7288306698
59	-145.694284152	138.783596271
59	-96.3520410061	-178.938804243
59	-82.7056532127	146.247585803
59	-164.542870402	-87.5503053098
59	-67.7844606178	81.1612392299
60	54.8125665435	-75.3284262858
60	-118.402846033	-173.556556437
60	-101.157592636	96.5039190521
60	-109.789042197	115.227713808
60	-141.76431475	47.6172431469
60	-103.931540912	-93.7254784055
60	-142.051294905	-149.696178126
60	-86.2228657928	52.0714321628
60	-151.04563922	136.311744222
60	-115.288982821	-126.108618357
61	-30.0159694252	-30.0244891157
61	-65.4491338717	100.66295159
61	-90.8723484099	65.8999690805
61	-88.3634285332	2.24333482765
61	-151.847555335	129.882890978
61	-140.118174183	-10.0917493942
61	-12.0985480854	97.7680042774
61	-107.654263333	6.67903488798
61	-56.1358446731	135.518610735
61	-118.073611485	147.840350722
62	53.0905976346	19.3109417461
62	-71.4645087625	-35.3739734734
62	-164.791437374	-147.160834565
62	-53.4039466744	161.987277233
62	-178.790122909	-116.184997375
62	-91.7934301836	-106.548797527
62	-61.375764613	-40.7654834265
62	174.096960662	-35.6682746193
62	-143.112346569	151.601364378
62	-178.615367828	-130.019680665
63	-176.813095516	159.332465789
63	-150.608167412	22.2174008635
63	-99.4326821125	67.6847384567
63	-66.4676909247	151.044345641
63	-40.9201191559	126.189763369
63	-161.635927726	173.052911432
63	124.095266786	-33.9226520328
63	-175.055668008	77.1499846643
63	-88.4961413621	79.2849751989
63	59.0792003622	-126.784496417
64	5.89645013507	53.9279279492
64	-114.104127047	55.5191428366
64	-144.283315166	-46.6916060873
64	-142.821405111	167.472625497
64	-85.4628258115	40.165004821
64	-164.036215108	-170.593629183
64	-179.986350754	162.026495868
64	-131.047608853	133.208315383
64	-133.532726916	46.2307553034
64	-71.0610077686	-74.9071478716
65	46.7870251655	-107.562059486
65	-113.036935136	-78.4139286627
65	-148.565228436	-156.400949676
65	-75.4922042459	99.3252651304
65	-133.337120289	85.1958931882
65	-97.9431233457	152.150634572
65	-140.114794674	-102.817248474
65	-108.214447194	114.059173207
65	-116.831150662	-37.4205053868
65	-177.041303703	159.410905413
66	65.3144678412	167.530453586
66	-62.9990433191	106.371820432
66	-143.896890272	149.245654188
66	-166.251786306	-97.96640497
66	-119.358375191	-75.1603556052
66	-153.772556339	-91.820212182
66	-70.0921818534	-23.90079293
66	176.559481522	-142.732142167
66	-95.8626406041	105.829317104
66	-118.822228079	164.634621999
67	-68.026715451	106.005622864
67	179.214058647	82.7693109673
67	-170.905754726	-170.564463565
67	-70.974661652	-7.65745560568
67	-150.390801585	79.330046128
67	-171.26744222	145.17427424
67	175.790070685	67.1594455644
67	-79.7150519229	62.9956247533
67	-108.177939876	-60.5307704882
67	-173.915386336	126.07931796
68	153.988262067	-42.8322869555
68	-153.194451014	148.969440713
68	-167.978513591	149.845737187
68	-108.951868196	-97.1744631561
68	-168.121579381	60.0116742852
68	-74.4445775234	-121.908578215
68	-119.283887438	-120.892399956
68	-72.6260337676	-25.4198370401
68	-102.563384124	115.767535802
68	-78.7343171834	-165.863985044
69	15.794479426	64.2182595453
69	-84.566534245	-154.836655863
69	-124.020128713	57.7208937929
69	67.4796449398	44.9841629457
69	-117.988862853	-119.943107432
69	-171.452658947	109.670558693
69	-137.121111136	-161.678339491
69	-127.954586693	-22.27012679
69	-86.0245932054	117.698147122
69	-173.217200347	178.991283031
70	20.693439178	115.738772577
70	-167.684752045	157.373198531
70	-53.06113856	-72.6132453755
70	-165.952261156	-155.960030822
70	-98.6310250693	-159.908755184
70	-165.018431767	-5.5344387807
70	-166.53302085	-2.3590680047
70	-83.2012279762	-176.730081421
70	-99.1362492312	30.1911911826
70	-157.982614998	-127.809996822
71	159.929558336	178.227993246
71	-148.436915768	-58.6753179936
71	-164.237975523	98.091176952
71	-96.7276705559	-78.0969819578
71	-153.387095161	-77.1859389566
71	-101.579171412	46.8821062315
71	-146.781195892	30.7134704013
71	-73.1449534309	83.8170700267
71	-152.25740654	-58.1234319336
71	-165.385130485	-106.80256231
72	-113.635582079	-163.274034973
72	-172.362527369	161.243570272
72	-90.9910547987	176.682667809
72	-85.5981090487	-54.2084049254
72	-153.577127115	-175.999112187
72	-164.61123359	-9.13769035321
72	-74.5962459459	95.578738393
72	-152.411142495	-69.8906367421
72	-114.171019149	-15.3155496099
72	-87.3403431618	-148.784624596
73	91.1274675602	-16.5090727876
73	-131.925912189	60.0730890471
73	-115.191315226	147.506599384
73	-55.6059047969	106.398179407
73	-137.094945295	-174.048504164
73	-102.506149322	43.46160115
73	-148.580467305	40.0669594737
73	-65.4805828575	-103.358577638
73	-87.2570816399	80.1740343199
73	-157.697311586	23.6827138871
74	88.9530983434	-67.6862879518
74	-82.9731018493	60.082321571
74	-158.076598815	-111.222940449
74	-157.26925368	-115.589837314
74	-109.590896447	179.184180902
74	-73.1497473649	144.873928312
74	-83.7725141016	-156.204704729
74	-166.045038292	-177.711227425
74	-127.693350377	22.8451689654
74	-85.6512345312	-175.431187557
75	25.3040009691	140.551189834
75	-162.247394444	14.4217852332
75	179.427132762	-82.4654334216
75	-117.312762044	99.0759181259
75	-171.982056977	65.5611719039
75	-172.00163071	-120.27883435
75	-67.6999767409	-178.172777506
75	-69.5343533571	139.22338445
75	-160.864952894	-6.03048469186
75	-171.571352785	-141.803786907
76	109.269338588	171.854312367
76	-81.9621844176	176.776573132
76	-142.236411294	121.310152614
76	-168.603790645	36.8266193432
76	-153.301590399	-1.1714233076
76	-85.912978795	91.9376908404
76	-164.949393132	153.619185632
76	-172.531573328	-169.422140201
76	-56.4550307917	-87.2201180204
76	-41.8156780627	-90.3051962168
77	12.2696976534	106.515584537
77	-71.1580860451	89.2863372763
77	-161.600178047	-82.8500844198
77	-118.239405494	-112.347125299
77	-92.1936883503	115.894148563
77	-100.625250302	-13.7490271768
77	-53.9305847118	-44.2938610702
77	-138.740691387	-156.140338242
77	-87.5856901909	-17.0490844086
77	-76.9138435323	16.8633639131
78	-150.096879667	66.1386477017
78	-86.2209071811	141.226051979
78	-175.78457418	-161.991086912
78	-143.66227734	-136.094957969
78	-68.3302662728	123.019558806
78	-137.519232571	-174.370982812
78	-144.388425499	-78.217359883
78	-80.8751767364	148.297815829
78	-131.176381414	3.00261820643
78	-105.043243985	72.5461659186
79	51.5583307202	-176.987341684
79	-82.2963213431	-49.597164688
79	-159.338908204	-119.579011468
79	-142.066083953	1.50052607407
79	-125.08949956	118.056128888
79	-146.669814962	87.4471237264
79	-90.1164006275	-120.858539729
79	-88.9525210802	123.778906249
79	-21.3161109512	116.817879105
79	-111.260522952	148.563750289
80	-66.2915553418	58.3190157174
80	-111.194088349	-39.2188609487
80	170.071923557	-26.7802796978
80	-155.954221989	186.299821019
80	-98.4994152085	-57.9129582207
80	-104.939600069	-122.745384794
80	-108.388252071	46.0591771782
80	-90.9879462138	171.344303935
80	-76.7877903246	-141.710397823
80	-145.920855021	70.4259408788
81	168.973542487	146.602064241
81	-132.615209697	-87.3022380568
81	-69.0121467832	121.139063897
81	-133.276841554	53.1561312625
81	-124.296499764	-99.603805535
81	-146.817456833	-100.959509287
81	-109.1770299	-143.076423794
81	-81.492633081	115.848674692
81	-155.638272391	-4.74213707495
81	-169.589898744	-122.651798878
82	-140.152633203	-124.683870084
82	-177.377842578	-30.0343013305
82	-113.843901355	-40.3725657338
82	177.010754943	-142.470872717
82	-172.751550571	131.914212751
82	-74.9563887159	69.8201211248
82	-169.389762767	-77.6183084142
82	-88.0187604824	-24.5022241085
82	-97.7058309862	-78.7601780292
82	-80.4539784003	41.5979059609
83	119.664806907	137.010879682
83	-95.532156968	71.2174727684
83	-99.4518396967	106.760422818
83	-57.1832258762	129.084049145
83	-83.9456590435	71.2245789464
83	-95.0467207307	-74.0478679567
83	-53.6225637564	85.7657965165
83	-126.956497437	159.948120897
83	-87.7753929393	112.103293754
83	-165.107649289	-89.222967686
84	-151.68885014	41.296667497
84	-58.2274296676	131.618295209
84	-54.4108922329	124.278930226
84	-98.4427258249	-7.74683490067
84	173.577449339	-133.121787567
84	-61.4733713495	69.7660234093
84	-177.598391571	106.164363931
84	-156.036589202	146.078040005
84	-86.4490962483	177.820055598
84	-81.0322772811	121.923983805
85	-77.0818523954	14.0946913448
85	-102.250867849	170.005046079
85	-92.2489895681	-85.5135909405
85	-99.9091962156	0.37470887863
85	-99.1722105871	174.480027163
85	-118.351380971	-175.054495339
85	179.481488158	135.276004281
85	-99.7455339588	150.011249516
85	-114.301255302	155.060062591
85	-129.876320417	-54.4068745705
86	-114.740889505	129.862861133
86	-127.339388469	131.334087623
86	-43.59532815	116.240226012
86	-135.935578343	65.8723619989
86	176.276385479	-122.622981641
86	-34.3316275616	95.0278890212
86	-139.867154947	-126.583113307
86	-155.296391391	11.4982858866
86	-86.7463462767	111.47519257
86	-169.283190674	130.806261457
87	163.645883713	102.488433245
87	-160.908927202	116.482398877
87	-162.323824286	160.318918163
87	-99.6159412974	11.7627104835
87	-117.686642521	-176.889729414
87	-128.554556513	-18.9292306141
87	-141.32916609	143.207702777
87	-109.272473858	156.48147348
87	-158.41912431	-113.862702677
87	-94.0688327794	-131.669139486
88	-25.7832003691	-47.6905661796
88	-67.7064922681	182.755997316
88	-153.836838572	130.069719446
88	40.4267675468	64.1463334656
88	-62.5937661959	81.1910040662
88	-143.708846116	-172.767330113
88	-128.239202507	-169.93723268
88	-132.129911824	42.6247268289
88	-142.768766868	-15.7439572404
88	-101.95935938	107.004919019
89	93.4398558539	-144.20729854
89	-94.0376699934	112.207001455
89	-161.667599392	152.420124422
89	-168.663547127	151.652686307
89	-87.0864880495	168.997173593
89	-110.112979219	-0.59990783458
89	-73.686463675	88.0139292257
89	-149.730586113	128.776558317
89	-93.2133776	176.072481068
89	-170.252961634	167.370733781
90	120.091539886	-163.212422313
90	-157.130858029	149.300993797
90	-122.948773802	30.5513106169
90	-66.3154165656	117.110916636
90	160.579287615	23.1232244169
90	-126.930076698	140.85508253
90	-94.7944992873	95.2521292765
90	-179.494720835	174.81596425
90	-45.8379389183	-45.4097686698
90	-130.389680225	-157.513319885
91	159.267646237	68.3409031155
91	-72.3360484763	-119.276468918
91	-93.771083022	-69.7404240261
91	-99.4212274649	-172.302253384
91	-148.269908631	177.720016488
91	-102.031287491	-21.7674754766
91	-62.3625730341	-163.931215665
91	-129.026362523	6.68699527086
91	174.395113048	74.9739060651
91	-104.847566418	-80.7349863721
92	-131.633389939	-139.792129826
92	-102.79129378	-80.9964764733
92	-31.4893013845	92.4026437034
92	-177.801090363	159.023219306
92	-89.0442639086	-52.5177740138
92	-79.6266284731	147.763822461
92	-133.204894842	7.47516247215
92	-54.8004139169	83.7478455854
92	-177.548201359	-58.5890803061
92	-58.4569622934	84.5144352258
93	-16.9278027304	40.1779228542
93	-73.9936633282	133.85802432
93	-135.243061583	29.786161853
93	-179.451891293	128.950223379
93	-169.790282903	-168.791025683
93	-107.402245283	109.070155974
93	-133.005994545	163.89873455
93	-110.82087336	34.08619615
93	-173.740025679	45.5124828116
93	-81.8530685068	124.541201666
94	-82.6041198657	-76.6834487171
94	-127.761493571	59.3247322351
94	172.610416281	179.286083201
94	-178.466190841	15.7393485293
94	-165.689481005	124.854276154
94	-109.233837401	44.2614416859
94	-167.927737084	70.7598853823
94	-115.013759345	175.254637316
94	-106.726065049	-42.1757366117
94	-173.518238472	-14.1562311717
95	-143.27238826	-15.5215030027
95	-69.0095735367	-48.0245118518
95	-112.901606374	106.327659079
95	-115.068202603	135.240136467
95	-153.774073012	-59.3756231358
95	-133.766104181	-74.9515839513
95	-170.676967795	80.3996216833
95	-123.839895621	-13.8211301722
95	-136.143404646	13.600326038
95	-65.3738867266	156.28453584
96	-125.071698679	139.367759265
96	-73.2800559684	114.24093794
96	-72.7092595821	-102.107007126
96	-169.238914941	20.3034490505
96	-136.90204645	-36.6736069631
96	-83.0407660583	129.895331086
96	179.701403099	121.967067111
96	-70.321822687	156.157135757
96	-149.684851414	-105.685946423
96	-127.960285625	110.853055903
97	-106.746205217	-114.559691244
97	-71.2847043217	73.2749820048
97	-142.807423239	114.065991746
97	-127.212304658	23.0296710349
97	-85.9598302326	82.8586507389
97	-120.298141927	39.79745065
97	-110.707241145	50.0236281311
97	-160.211833319	149.467876728
97	-168.60162372	169.252647148
97	-54.8744343621	142.941005001
98	157.831718468	-28.8485388093
98	-96.0636401798	-75.7935788861
98	-94.7024491081	-171.869541062
98	-98.6029607428	-74.3392438166
98	76.1554645687	-2.26830244288
98	-168.634133448	62.9948453337
98	-156.905240741	50.3799476208
98	-133.580489778	-99.0602049692
98	-46.5224489457	119.060309086
98	-165.579820162	110.535308466
99	-149.861662684	-24.4208712111
99	-86.1313254304	102.034668731
99	-60.9902739367	-59.7459717709
99	-108.040625256	-139.51589523
99	-103.797077395	-177.160638396
99	-160.021581621	142.139025841
99	-161.879786767	-33.708438356
99	-131.517428787	-20.3790143662
99	-177.793072545	-57.3670428579
99	-139.617935469	-115.96347523
100	166.324516807	31.4983491032
100	-179.369128805	93.9131536717
100	76.0106657687	49.5126259021
100	-106.325535824	-141.584437619
100	-164.268583394	122.370068396
100	-118.835487066	-55.7134840694
100	-156.61431254	90.9430219297
100	-71.6496208794	108.597046141
100	-159.878144622	117.49159854
100	-87.4203667102	151.696628615
