1	132.27057929	38.6932030914
1	287.600713849	168.931764757
1	285.675821649	119.699747087
1	257.921441663	259.950455807
1	257.93979279	132.063947709
1	219.917734147	147.370642596
1	240.583963005	256.218111574
1	203.423267414	168.915231355
1	218.949069368	329.646513908
1	304.774455168	209.023314027
2	175.436685259	203.134415019
2	170.41621719	356.517846126
2	295.709927076	185.78602684
2	231.789006555	-20.2545439352
2	217.692453958	53.612533075
2	271.171433748	72.3574619859
2	240.541710009	150.402393772
2	256.763020108	192.625561402
2	177.365182952	415.765590274
2	193.554492791	186.073598527
3	220.700061572	363.442455085
3	273.553560753	78.3528970614
3	214.036144815	124.341344127
3	197.777124741	140.410303389
3	253.713327099	210.581423111
3	276.424780174	161.683400642
3	203.672089988	224.629592947
3	243.978736422	45.2328050342
3	202.179402219	59.2090207314
3	161.635078486	203.131718962
4	-97.5740298105	117.355209948
4	281.8337906	6.38581281506
4	250.787157476	295.664981747
4	277.595330035	313.57733602
4	266.275774084	187.732534461
4	305.992296267	271.12279112
4	216.145227772	179.479431122
4	210.529286113	270.779628192
4	285.946116725	107.673120227
4	221.675448024	249.163717298
5	140.496797504	356.255782213
5	306.424364233	306.207378361
5	203.469838981	244.859033978
5	66.7337944706	193.714635099
5	223.331238758	19.4729825493
5	233.310422088	206.342775808
5	176.891711398	267.512044337
5	203.060705785	201.24775169
5	280.242723064	257.807433519
5	210.970965353	398.653601833
6	278.051154459	313.461247548
6	259.355334713	312.309527018
6	277.416134535	3.66703598224
6	302.799941365	108.081234023
6	195.879942917	86.695478204
6	239.89063163	34.0966635721
6	175.415804861	286.596339642
6	272.7389568	128.198247739
6	190.302581062	180.523330832
6	187.880986121	133.000158533
7	-64.8200801108	114.155664
7	211.754490787	150.247736744
7	340.246965479	96.0243898708
7	243.894621017	266.465456624
7	269.369710315	217.467184231
7	214.145163067	494.326013454
7	178.868192639	152.946293819
7	203.339038732	227.359511727
7	276.672801123	163.653360222
7	267.365338445	272.250173133
8	131.887634684	33.6947943364
8	221.240751133	-34.1877145535
8	258.352847513	179.581802298
8	333.916576239	105.781868363
8	279.04659182	94.363540037
8	252.932516198	479.557090003
8	259.688385557	78.7688185635
8	265.198436022	49.3631736092
8	285.821088932	309.507555741
8	196.01924488	242.976035565
9	321.688206789	376.6179531
9	245.967187275	122.628204284
9	263.341054559	139.549081938
9	297.500822714	240.716092756
9	184.40982628	76.131595171
9	214.365858019	262.586491851
9	239.03199006	71.0197341922
9	189.640913225	148.894981561
9	220.375740939	247.100415416
9	219.424622232	364.522578891
10	187.855899674	0.935666278634
10	171.741945837	142.00695788
10	291.044296841	84.102826966
10	205.98831274	365.310795467
10	301.733695066	297.691111404
10	182.770854982	-30.0221635237
10	271.889154558	111.408389659
10	268.198567754	361.334775641
10	243.26890947	36.4996116185
10	232.682920466	229.086059562
11	234.415008677	246.278372849
11	284.459774937	153.159820021
11	268.869813294	205.928840187
11	221.587770184	112.963710871
11	298.467027253	127.880159193
11	193.655354337	102.297647584
11	213.745654364	147.628216496
11	281.00437564	108.595019007
11	180.90344582	269.307577014
11	284.060638727	250.130838958
12	381.016184903	171.648681885
12	274.254859307	123.614436866
12	280.056746761	253.019890226
12	281.37956222	202.825485153
12	251.329041965	211.765737108
12	270.115315052	350.577708874
12	281.269537956	267.901514085
12	238.665284551	172.510268755
12	253.5611008	51.4764532206
12	266.055970317	14.1152146815
13	179.050175636	213.220627193
13	206.40610904	97.6452782714
13	226.958273042	255.344244941
13	281.301431686	104.554913334
13	232.980770265	247.502481238
13	251.745928126	23.1993095013
13	270.159237054	64.9594881077
13	337.113471858	105.275896063
13	192.124793143	308.83756537
13	255.540334639	306.661872795
14	218.051234338	379.178818068
14	210.464351937	63.204146351
14	280.266875494	80.7036956456
14	74.9380656425	326.398110477
14	305.229110573	102.568623036
14	304.540250714	-29.4055278518
14	241.97378568	182.88536216
14	304.843930796	121.802369414
14	262.086863815	-10.3389685227
14	257.304414609	122.895685487
15	202.62318407	235.673266833
15	236.197693699	212.429595715
15	294.829505044	108.968598925
15	233.879549004	3.94767598832
15	261.30531675	38.4423637967
15	230.557506112	133.468176364
15	211.029457214	359.060643743
15	290.38742589	139.972684264
15	303.644784519	325.686539196
15	277.484749055	182.946377064
16	325.875048581	301.47497146
16	312.159123245	174.744018593
16	247.196131954	242.677924077
16	241.055155425	307.434176099
16	256.449996542	287.007622911
16	286.677337655	194.729776419
16	123.48931315	215.874655169
16	181.060927275	68.106719367
16	278.691089315	164.398470089
16	281.061026098	261.422072138
17	354.500290137	138.432046351
17	256.005663682	95.4390348355
17	279.958677438	-3.85443478354
17	260.208277348	294.759139419
17	193.914667065	193.773319073
17	258.414077141	94.178049821
17	73.0814730086	-69.4106091994
17	260.120924375	131.982486536
17	287.022580093	232.644202252
17	243.416637643	37.744531453
18	260.514938714	222.573010679
18	244.403502683	180.533544052
18	183.240349725	169.659106429
18	265.149925239	44.6133061235
18	198.731649847	157.651199138
18	201.449872444	296.690186815
18	175.597735376	19.3573934768
18	233.347942919	278.733724202
18	220.05629575	246.243331317
18	237.833519665	227.555816896
19	477.005777009	294.382906865
19	164.170055964	97.7377924699
19	219.620199554	120.473875179
19	227.850540031	299.453160896
19	258.944583699	163.145138298
19	323.390922189	313.231982308
19	329.839429928	111.983442501
19	275.045495188	126.976591816
19	280.994700308	200.172358009
19	281.222350753	78.4581865919
20	136.782541074	219.708750981
20	187.66434147	30.3946485596
20	255.672170867	140.385545531
20	258.509865361	-142.672020702
20	182.27502841	159.988560997
20	232.754048909	436.658757525
20	201.394191774	147.94082377
20	264.994500627	59.8516464568
20	246.808722805	-75.7662428451
20	233.556877005	190.438912355
21	161.14637422	277.431195923
21	245.636771602	68.9622780337
21	224.828443315	162.809836445
21	183.819670441	137.476272643
21	264.926645131	260.530961071
21	282.835131569	62.8521352977
21	226.085232712	397.610024441
21	160.875932085	-151.831893264
21	239.628474906	88.3108421992
21	225.788966193	146.350748487
22	38.7930079169	105.475390329
22	295.417160724	69.9535036453
22	295.42183837	146.990792032
22	298.439470051	-49.9202628579
22	245.992678438	236.811926838
22	240.318343566	256.006943214
22	284.6502719	129.652379157
22	261.416481867	98.7661081808
22	291.412383323	272.60658982
22	277.906688128	248.400942025
23	155.821745867	126.168986204
23	288.843491066	263.335004888
23	262.059325067	309.409301184
23	211.891410213	109.435508867
23	232.999225299	-36.3973289237
23	281.581083409	227.92902585
23	212.86129527	260.257512637
23	284.875246483	88.1890896492
23	199.516494197	-126.724393605
23	251.162203001	60.2398326409
24	10.6656663836	197.591710183
24	241.511104409	73.5880451164
24	199.512286651	-33.9095678097
24	200.294721213	328.257965077
24	181.663197878	230.04919058
24	268.507386223	199.350352892
24	252.598099101	134.712418485
24	265.216251379	-3.09442884162
24	239.844300337	185.429109069
24	265.765772775	116.217550219
25	161.990457307	104.745133876
25	283.800753785	153.465203093
25	236.048175218	296.140452872
25	201.170724611	42.4876020919
25	290.08341259	77.2144914868
25	190.523524451	281.461726865
25	241.464589301	147.199087712
25	310.831762443	121.24030557
25	220.034085945	188.979550272
25	199.529448959	106.003328563
26	27.94515948	205.977922933
26	181.388431652	178.042124485
26	286.9592127	-53.6817137995
26	290.584887067	111.31629352
26	199.779009618	-26.8614092318
26	221.987948626	103.647101325
26	244.669544872	9.81127083391
26	266.072890945	318.994914647
26	297.999586363	-31.5525085776
26	217.673026024	266.589226794
27	253.399420811	46.5076684306
27	204.797511452	183.99723833
27	237.347322976	276.394700467
27	281.039206564	71.300217502
27	270.478845012	512.553955538
27	278.264065992	150.376414051
27	267.824460545	-29.787765247
27	256.63904237	81.4430851455
27	213.144040293	253.782402192
27	270.20634398	396.708191349
28	-12.7419418698	-12.7564268739
28	195.108706802	37.6124531569
28	295.987318595	93.0705741619
28	203.263526531	314.451324892
28	290.891453532	150.029820425
28	247.216469253	29.5222777112
28	206.918856829	110.832728825
28	180.22624043	149.660577805
28	173.557715624	81.9300312937
28	260.919736241	333.581329902
29	21.951905805	209.506761596
29	253.86499893	357.000131843
29	315.303293758	321.195531855
29	210.091128172	106.586298223
29	252.015977081	94.3058366763
29	236.06557881	25.8751561832
29	262.939649809	164.043974192
29	181.232783342	228.205637139
29	254.208647083	-71.0432435148
29	198.496560837	151.80017195
30	297.786321103	121.52035543
30	259.07168019	336.339617879
30	245.734474475	166.462276784
30	275.321943345	-2.67209796824
30	247.04659717	188.080383569
30	273.798074547	-26.1282154525
30	272.534360412	170.764312278
30	297.471560666	325.622705038
30	218.217897701	188.072917189
30	235.645865401	96.933509583
31	164.524089257	-88.295418999
31	291.782395286	341.135703299
31	309.271550135	316.683052602
31	260.557111064	234.204109526
31	241.618988615	237.50031543
31	222.344136457	50.7242697575
31	202.724613123	248.111411136
31	249.496845626	317.49522087
31	194.525384634	204.627480255
31	252.679721245	273.619136111
32	162.078380093	-41.2850228961
32	274.474294831	147.18405846
32	258.123125733	187.726294567
32	265.622493571	-40.8191576534
32	270.003037744	191.890104101
32	260.285512786	148.166067204
32	259.247988666	175.727940508
32	38.8566880674	38.2798002777
32	234.328859998	99.4229465112
32	292.790829215	97.8546988263
33	170.956745687	367.356968612
33	251.922909593	40.4835728938
33	223.804779501	77.3462844063
33	202.951934219	30.2643499752
33	208.691856174	216.973570133
33	209.014837672	324.456462374
33	36.3412870019	244.314411838
33	251.091475839	26.2956421504
33	281.175787677	-91.8531739232
33	226.995771115	353.539245826
34	434.569363648	299.489041482
34	230.297499237	311.630742832
34	171.200840043	125.264092814
34	186.652784742	133.714435734
34	288.16815873	166.877047974
34	202.92308052	236.730379921
34	263.988778848	322.507853394
34	185.626559142	76.1844127773
34	203.113082594	-10.6621791075
34	279.912209937	188.039074606
35	67.0151997484	327.948668562
35	215.350937491	258.120838634
35	314.299952892	123.229576337
35	237.336068315	177.379197115
35	287.098870942	255.183867061
35	299.709741888	131.137107933
35	275.766506468	115.890195824
35	223.11127264	271.946245559
35	198.057481548	-54.0821657634
35	301.614749328	126.481272544
36	242.959531879	317.249547337
36	314.49278726	82.8297438059
36	303.708218787	114.147535506
36	239.102387152	175.144567468
36	197.838072782	27.5358701816
36	246.146252025	-74.7190302047
36	242.211214896	131.700540857
36	251.642954378	115.85073097
36	278.454861689	87.3666414744
36	303.150445993	262.563756706
37	154.807410412	81.6584376098
37	267.882527414	60.9360779136
37	270.082687675	232.390573557
37	293.269031829	89.7533085277
37	187.594977568	327.82774243
37	207.753309047	29.2787918278
37	177.532127865	64.4385663306
37	291.752621894	113.273345649
37	185.121060447	70.8650621419
37	204.921403309	181.343711911
38	217.052508177	322.51231661
38	288.576782282	-56.6488510985
38	297.202746434	132.561010457
38	184.407089004	156.341953507
38	237.724286181	79.1056854896
38	209.711834459	170.709474836
38	267.470942866	58.0189593466
38	200.316590165	17.3030835299
38	183.786552574	183.607923759
38	257.054976271	58.7906002662
39	301.593503534	53.8985501004
39	182.646343701	89.1274432588
39	231.264101463	248.484755913
39	196.81145763	32.5718088518
39	217.881238101	315.598370773
39	322.862167488	285.236630442
39	311.441910091	98.012805081
39	263.58865298	436.470849619
39	192.465143043	174.148632042
39	307.310463257	103.777996795
40	106.975136339	161.472189277
40	228.575764616	93.4731587711
40	260.620941482	182.591379503
40	265.843230348	69.7471844236
40	184.315863293	162.766822136
40	180.021178483	236.469939619
40	309.303210712	163.338910746
40	297.00090412	341.927675917
40	254.804740683	254.51859212
40	251.288374522	221.478126723
41	254.531056696	-37.7145247674
41	182.808941942	132.403272358
41	192.757412312	-28.0453103289
41	287.942241505	114.746736563
41	230.349781853	305.064037348
41	208.836208842	291.97090163
41	264.237884156	105.921365958
41	231.62535	69.9988584556
41	229.142614296	195.113576458
41	270.884463666	217.597062326
42	262.144141033	337.940592697
42	236.93620927	189.745830202
42	210.710909678	72.1529871578
42	194.623713163	325.104123911
42	277.299071675	-27.4207451325
42	301.465773414	138.140462562
42	267.252536464	125.477495477
42	229.366094372	342.240525136
42	311.991582169	89.0505985887
42	291.714784449	244.447185349
43	287.274353276	198.014691369
43	302.760133192	133.267730307
43	257.571965481	299.996607706
43	279.230999179	272.968238682
43	273.974920086	146.910721691
43	254.537089085	166.262002702
43	321.86777507	131.569533481
43	178.199038091	174.882040481
43	188.118093139	276.071557203
43	268.735086088	139.124660838
44	245.721099343	123.396567664
44	267.385023789	184.106091784
44	250.124560977	195.755912512
44	276.166670292	335.411969252
44	298.707740908	344.837257617
44	238.55970862	56.7396080224
44	269.663825405	282.671448325
44	188.368280645	326.435281505
44	302.041830098	281.478677606
44	219.345883912	249.428271413
45	192.378061363	139.628638584
45	186.337888686	141.79404538
45	260.670247356	-32.9991642874
45	222.253242291	-33.2848300822
45	287.211766715	147.92456395
45	254.573307875	36.7198991195
45	218.076129002	191.683255972
45	233.619967871	28.3156967742
45	234.146570973	179.941800899
45	198.301276425	140.45527432
46	5.3847297263	163.441522002
46	301.972510195	81.1398230274
46	207.302335046	201.874545941
46	297.770841456	142.709262657
46	214.179684453	255.806820913
46	296.176128031	149.835026074
46	300.593424338	131.829091828
46	289.038594651	123.291336654
46	213.240203889	132.816273636
46	426.075965474	228.394465491
47	135.673457378	196.670080466
47	263.284286989	361.28883095
47	201.457213238	414.528642284
47	210.397935582	48.3456212681
47	209.560346578	96.4027446304
47	281.389241384	159.413585235
47	201.730297151	185.841601724
47	245.363259585	126.260096669
47	194.636314466	-15.2639720327
47	279.015501798	1.46018802154
48	246.818319145	289.994497632
48	284.01437438	315.288624472
48	267.220020411	98.1384098597
48	279.160595756	106.193129838
48	203.556971997	71.978095418
48	195.534866042	144.442302138
48	210.906894722	174.491715409
48	239.08430625	312.77083062
48	322.276393264	88.8558268217
48	287.117340953	371.629327735
49	46.8986747705	38.6610162484
49	214.226224986	216.78021074
49	241.707865448	77.1261902872
49	287.93105067	297.904044551
49	227.220797746	200.486457154
49	204.495654126	-21.522187696
49	280.004534223	87.3368169825
49	224.309647699	13.4914358873
49	222.627171308	59.8332914508
49	284.205220624	85.2133497867
50	-13.3382374126	88.3572139628
50	238.800334275	292.322556123
50	211.969663098	314.41260575
50	187.417981802	59.6998435766
50	285.030127649	307.666927643
50	273.444148861	97.6671390334
50	183.855091038	200.188858458
50	284.179537963	81.696187435
50	230.5933623	237.980664544
50	303.698464667	280.916106749
51	178.338655325	121.695579588
51	210.153069985	215.177260359
51	305.487510372	88.5997317777
51	186.796433415	103.965290679
51	197.671286872	278.477733936
51	266.526560947	232.916726492
51	221.760471534	84.3433411348
51	182.757036637	154.192687661
51	252.339643372	41.7223524672
51	280.607946193	91.6303289907
52	18.4815274521	65.5071287202
52	200.592184177	147.327975384
52	301.593339546	317.1421909
52	227.541343376	125.667912628
52	279.022973339	15.5317842965
52	234.215904164	324.050058978
52	182.161980442	236.926064853
52	246.381499887	382.108624332
52	207.713473413	119.658876296
52	256.260141136	165.238360057
53	358.501678355	-38.6037240601
53	188.59083641	609.442639943
53	206.799894939	31.8001469484
53	251.18749239	69.1715851925
53	258.172269643	163.305313406
53	247.673330878	51.584545714
53	244.268962468	305.848899608
53	301.682742087	114.668346873
53	297.552984261	178.07356399
53	178.366288256	102.25080945
54	283.903551047	158.609049994
54	236.253460542	141.834678009
54	31.1468964731	242.892022684
54	297.340086152	311.653074469
54	180.75586337	249.13029193
54	293.165507707	143.843698345
54	245.335818541	190.136036409
54	246.883378134	360.718665483
54	213.764915135	305.934078744
54	231.292992814	346.346020439
55	166.649990219	159.275916745
55	198.4177388	129.062994629
55	306.828499343	163.373410239
55	295.082536574	124.344421607
55	216.699149376	36.9643833894
55	186.570595383	243.011646121
55	257.792111678	306.414697463
55	273.779192354	245.154409189
55	229.727199933	10.04615429
55	248.809060394	195.75547292
56	310.954922533	279.473488006
56	222.261378398	9.16511340341
56	285.162232632	151.705678015
56	216.784423093	252.254603287
56	243.662379241	112.425814747
56	244.799751778	189.0581028
56	187.045846383	-72.7456157544
56	205.577661669	314.270862158
56	164.447577763	44.0050303117
56	256.668066542	-0.711653442788
57	135.413410501	124.162921619
57	235.054610452	84.5753224604
57	252.015375102	104.20637102
57	299.883631612	129.207115563
57	220.984698076	25.2619668514
57	231.595399301	153.201678316
57	206.336873707	-101.628580522
57	272.819787341	268.776548194
57	175.519378044	109.815584693
57	227.083020796	89.5156976056
58	174.796411686	23.8194237889
58	279.192257453	79.0846041052
58	282.168227687	111.878208907
58	219.37907879	325.960142685
58	176.920715552	202.465672447
58	301.803430941	308.487809842
58	269.639158695	141.658607898
58	232.228247188	335.270267468
58	204.244585761	122.601743326
58	199.363280902	225.213447264
59	205.626063892	164.193205836
59	263.480018702	200.973743403
59	223.197367432	141.946052826
59	251.799002637	105.555472765
59	248.102115173	269.106057289
59	291.893415172	308.013989815
59	237.281808958	205.353272022
59	177.459786562	260.344047147
59	256.830824898	342.930394607
59	293.771447962	286.249576649
60	78.2612124217	126.967674785
60	276.233985552	79.845226381
60	213.72646587	170.71700946
60	203.726497659	167.397671388
60	294.983646487	683.238120208
60	189.849801652	283.291476159
60	236.078070184	125.557311752
60	178.216545931	67.483985596
60	297.709309558	117.791069918
60	226.503609693	91.4177741163
61	200.511960308	296.785579584
61	245.12618915	395.708072218
61	234.229400619	97.4676558222
61	269.48771088	104.963728135
61	286.252846947	163.973455769
61	188.174238356	202.728209151
61	182.854065466	121.242618764
61	224.04984502	251.775486575
61	289.957033123	220.916067702
61	233.688767095	261.581104047
62	257.993135068	374.490706644
62	296.502433278	93.8803035669
62	267.764057187	204.036831274
62	209.298080361	12.0296769682
62	202.238952204	110.388454504
62	221.473040608	279.321547151
62	244.104193137	371.684109196
62	280.236875586	85.6714591636
62	274.629148634	138.520200968
62	235.323370478	254.128270466
63	187.788246947	135.952081397
63	267.617707401	171.634805937
63	270.832127804	54.6198740392
63	261.989193518	65.6957545817
63	268.687954567	193.67752123
63	209.3797052	293.481421931
63	219.7475079	77.6958990997
63	268.758598518	-156.025541813
63	222.851004705	105.382565641
63	212.458901542	141.256007798
64	339.159708397	319.921087585
64	275.323645564	131.798730655
64	303.278368118	62.6351970993
64	195.730788478	156.231375455
64	286.940668315	68.6768973567
64	255.058739264	31.2181257283
64	264.33403829	79.3058671696
64	214.642870519	267.396998411
64	245.038248109	308.510015161
64	200.017892304	299.352959084
65	83.1115815217	87.8776371881
65	237.953095076	330.848139486
65	292.746390677	140.625526775
65	172.218751209	80.4068432715
65	227.538808231	251.090074352
65	214.684543134	201.977656844
65	197.459836336	27.5200308946
65	216.896614502	173.660024378
65	62.6756668032	57.8782593537
65	193.806460398	-44.791823045
66	421.657364896	229.782967063
66	286.081537926	231.734183491
66	275.705646357	55.7733213546
66	258.775920197	45.6817376449
66	235.861028742	151.320106573
66	281.306481344	164.075908962
66	316.896062646	311.867930175
66	194.714443893	125.23805954
66	217.543772962	-26.5912880203
66	312.599239276	107.131561566
67	142.685257314	286.281610967
67	167.775393256	219.529899965
67	244.892812343	179.65519514
67	198.094468374	-74.5689694149
67	188.380180622	126.621157219
67	224.751474269	155.867792765
67	335.82465055	285.39621922
67	246.441591478	202.766794345
67	203.837348956	362.93096656
67	256.57805983	27.6514526587
68	347.863287123	190.576800618
68	277.87667477	80.5156444404
68	190.695461692	105.212633367
68	219.615582673	7.59810874244
68	234.635819433	128.243875248
68	303.944675474	113.947332758
68	211.807361972	189.599195766
68	170.322993719	195.914767707
68	257.230863594	-30.1076591464
68	423.025942975	229.590889474
69	99.7993862544	162.852710517
69	213.672908419	551.17034248
69	295.300147106	199.566735372
69	224.69397336	181.734776182
69	293.564952791	234.500137586
69	232.037282048	333.385247024
69	217.53521696	50.7261681503
69	294.680399369	74.1667350647
69	247.240106657	210.20009691
69	211.68473518	-79.6512390769
70	167.190585019	150.76014039
70	208.238577799	214.419427708
70	274.479983446	190.241437768
70	326.71120284	125.341988416
70	237.488399875	330.812336255
70	221.644153044	137.862165441
70	301.638681596	184.902007655
70	248.26163957	399.460677257
70	227.449721479	110.993259171
70	293.650469152	-29.3600217542
71	261.855299958	310.267685855
71	191.110418622	209.428815802
71	375.083335353	78.8208929074
71	308.220898272	104.396870922
71	240.976200938	148.882250369
71	168.182026857	321.768552826
71	277.872792388	194.219372788
71	270.315033499	230.840672454
71	289.731036028	347.941190171
71	248.253507805	83.1948252047
72	185.74448119	-71.5491172841
72	285.333960459	226.008405297
72	192.425284279	22.0581742268
72	235.187013747	83.8710641903
72	238.130011443	199.445619384
72	274.067872794	145.248524931
72	341.609409464	98.5446840911
72	267.759197041	71.0876195878
72	183.972404563	57.256506151
72	299.359166961	235.373065521
73	254.694716276	174.602619742
73	263.423676593	149.79994419
73	228.935049102	270.32423884
73	160.083666017	308.157444352
73	286.658056397	153.946126409
73	224.137039963	216.530815195
73	276.719649488	-8.72893886774
73	240.310507275	140.908848417
73	268.836812477	9.28431644491
73	256.941736952	100.29647372
74	318.3644775	99.0323641474
74	277.370535077	155.751350579
74	254.564238516	23.9919299381
74	209.924781026	130.34336568
74	275.835132029	319.523616462
74	265.114114057	163.349570285
74	222.625579033	202.183233953
74	175.130644029	-180.185057221
74	254.152103959	81.7161963508
74	233.814525058	145.647458756
75	341.108460913	288.074225535
75	306.423843907	94.7884397047
75	252.231736337	205.649056738
75	267.218077501	368.848612632
75	226.703349025	11.4546337355
75	260.349833857	-37.1284769406
75	274.87396597	166.048424934
75	273.190883663	87.895836138
75	199.004178674	317.080777157
75	185.715205868	53.9742886608
76	211.298677909	74.9133031109
76	218.86765763	152.832275365
76	215.522051662	183.986766978
76	262.596770427	388.763030261
76	294.336828197	285.322715211
76	265.50521417	20.0999680379
76	189.02297117	200.473805337
76	184.680815683	373.024420423
76	207.405827992	375.252604013
76	231.883173053	282.386416338
77	82.6008042053	273.563962071
77	196.51359588	256.992242473
77	253.754441793	-1.82251495533
77	256.281058882	3.74977478697
77	300.733403616	287.393167605
77	62.2366244439	256.122550173
77	302.817183178	95.9644613937
77	197.412488513	52.4081395308
77	302.91285383	88.1013989248
77	226.495302071	307.083378597
78	255.823240417	138.732727583
78	220.698708879	57.5083773612
78	231.88842004	242.622673556
78	226.283834904	244.656609715
78	190.117581711	26.1115004264
78	291.068298527	329.687368376
78	197.244781081	58.1955913036
78	206.063922936	99.902162437
78	274.276648917	57.7143434787
78	184.459167945	84.0848129626
79	142.760155456	52.3776458486
79	190.025981236	205.557493386
79	192.51901149	181.547803359
79	293.698645476	183.704661639
79	188.095085307	136.607162616
79	218.792967965	241.906326235
79	302.188060743	78.4947616184
79	248.427915229	-138.475881126
79	217.177823478	41.8768913688
79	247.920301317	169.274088238
80	142.498636715	51.55462065
80	181.83078542	100.290930327
80	245.19985062	33.2664785658
80	290.981751574	88.2040700287
80	243.466212916	140.747713061
80	260.077337193	331.315090537
80	239.188237022	34.0592615261
80	310.306905595	120.300784862
80	212.29011532	178.920387936
80	186.335883769	245.000130656
81	145.281836421	187.50846576
81	285.442620356	167.62281102
81	293.790244681	329.736799994
81	278.607151979	194.814911254
81	260.181363629	104.409316538
81	249.947711219	297.974995932
81	326.51098416	131.248654708
81	228.048714678	345.305100812
81	241.011295151	346.910319727
81	267.940543421	16.9773649912
82	72.3987000858	312.261317855
82	188.461242717	217.04772951
82	236.076964382	155.524628037
82	299.170114325	314.303394966
82	183.180508005	168.604221071
82	174.812993212	74.5445898942
82	256.335393291	-5.55653657455
82	266.344424233	15.5472773532
82	293.219485847	313.563559416
82	255.820783183	348.009443429
83	293.993956009	79.6900997883
83	307.636865211	488.762275919
83	238.154033598	260.968621736
83	275.618741514	85.7535190962
83	199.464539434	279.549192245
83	240.915781542	39.1275229055
83	276.192830979	314.154956366
83	213.415109173	207.961389365
83	277.870796637	236.832480484
83	202.162908595	233.98442647
84	146.422339595	286.09439512
84	314.358422282	113.783039883
84	181.425062052	324.353977365
84	209.871390468	88.6699358146
84	205.561781259	240.115460387
84	278.633803714	94.2970197606
84	276.571843644	161.025268818
84	261.195220389	8.73267565214
84	233.596009228	358.636964445
84	240.305577024	156.016000809
85	103.427320189	178.859998324
85	292.719868086	-258.120651829
85	296.27647428	146.87161493
85	325.90717891	291.009303656
85	224.578570111	195.645699085
85	260.78203083	29.7766377174
85	238.493664573	155.80999647
85	192.568564455	14.0932768697
85	291.600479101	361.625735941
85	268.114284503	298.872127353
86	293.025462298	41.592732936
86	253.103844873	-28.9439399849
86	267.0338224	67.4293544768
86	252.907228823	-11.7449466808
86	203.142414789	347.285683444
86	229.649568036	58.6165678889
86	287.554173868	68.3609992878
86	244.444709841	280.352118348
86	306.941555906	122.682654048
86	213.234309552	-32.047465764
87	134.162742999	45.8363688412
87	229.320299971	186.034789618
87	318.880607615	79.8446580874
87	185.569934731	338.220103522
87	262.902620515	204.979435938
87	206.698767335	321.314551097
87	286.523817016	252.120968136
87	287.738984454	132.607617923
87	214.24768544	229.744550442
87	181.840431616	215.072489586
88	223.764136459	176.417045223
88	250.561002656	35.0257965646
88	158.460679096	104.333181736
88	197.108932513	184.979484959
88	190.893874128	175.016227585
88	253.988573676	146.042211949
88	238.604184163	138.568431379
88	318.367393568	-49.7580207861
88	197.218684774	99.7949745625
88	229.506214741	266.755091211
89	202.023252643	485.487815707
89	264.530140791	112.75330752
89	282.638161498	165.501583905
89	254.046449031	104.109998166
89	278.654536147	120.760204152
89	216.329265345	238.859273824
89	250.667581695	15.6639416482
89	204.274122883	137.635324143
89	272.709749986	366.66441263
89	212.07122887	-34.6845892203
90	109.588129988	89.5747151858
90	324.852191186	277.151891103
90	229.681611161	145.832443259
90	196.891294618	276.65593599
90	275.946377721	149.10591441
90	281.688427372	-61.5960804794
90	276.828980769	185.420519975
90	275.596186312	394.66810143
90	229.377209892	209.011589986
90	221.441049877	268.890950221
91	52.7154976804	132.620965237
91	242.658423385	323.318218269
91	203.767596302	380.121136307
91	295.367224097	137.58473557
91	197.569374463	-81.0146051143
91	277.185961611	165.255961713
91	281.895711779	243.452838161
91	271.460958462	109.010098637
91	267.898960564	161.135581766
91	245.024818932	325.583876573
92	258.231241171	421.875638215
92	210.484876305	153.250038211
92	290.813578979	164.459946638
92	244.215539078	205.940160735
92	126.573547242	59.3967570852
92	207.372195357	22.817281215
92	289.333833015	74.1500916024
92	183.71830675	323.324521562
92	332.610027918	103.433406946
92	202.198460079	106.331343871
93	24.9639589191	67.7421853498
93	255.639029739	-125.912796101
93	316.307996361	148.896243865
93	231.828513797	288.528742789
93	276.074863386	152.862040422
93	298.941099885	172.45768229
93	228.25209674	189.2628039
93	289.511404093	209.845428664
93	325.356644507	303.260266486
93	245.516365818	132.431087094
94	180.159630845	313.441881289
94	263.582724142	29.7098507636
94	291.04106883	290.731765918
94	285.394415063	276.010210817
94	295.547346457	194.469506214
94	280.842882727	258.70721466
94	291.411044692	173.988985546
94	296.169582438	85.0286551641
94	224.567299681	247.963594834
94	291.313017938	204.917109102
95	128.559702467	33.5342049262
95	274.229625747	84.850467124
95	256.353328148	313.534585548
95	245.205079385	371.328618301
95	286.94132841	94.2298321744
95	212.79669291	22.2597167741
95	234.367706021	372.051209193
95	248.383965013	136.239273238
95	246.496071113	313.857288813
95	225.446060489	347.826819283
96	24.646768116	219.741296362
96	191.74298379	64.2307506334
96	234.189431498	21.6945378256
96	258.336972855	175.880940487
96	252.625351107	54.5763424937
96	181.579751849	290.984602339
96	267.593800933	163.623035371
96	191.332928329	93.7658339108
96	177.775970225	276.658361793
96	265.406346594	217.372889369
97	233.110821064	60.3379797665
97	188.458356349	265.912670509
97	286.397515316	315.230542167
97	176.499814953	173.908729676
97	259.769757448	146.103637192
97	299.633352698	162.206403902
97	285.94253019	77.3395083638
97	275.281976779	365.851968918
97	216.708110175	173.87933979
97	279.023353328	216.600767339
98	203.17303747	190.577847245
98	49.8504215857	212.883682553
98	280.001654147	21.1724666728
98	252.016710309	-15.6156928115
98	237.680732893	310.71334755
98	250.966478177	177.740618616
98	197.774567122	109.483736499
98	214.041998841	175.467372136
98	269.880747953	215.856012851
98	222.484583868	158.220636936
99	144.270160301	381.138858432
99	280.404873887	97.1734515189
99	252.681053677	43.6005428096
99	331.278832688	96.8092640183
99	277.926437108	209.022134369
99	241.71410305	352.841742207
99	278.923726403	145.800475407
99	305.339174639	96.458520114
99	277.204234302	311.378404599
99	280.649780145	86.291388661
100	258.053824107	45.8038060634
100	246.667994125	48.9889228605
100	181.816941382	282.193277669
100	283.635708951	57.0173702154
100	237.481247145	106.881649072
100	190.203493606	72.9015392002
100	216.236283437	-28.6078390649
100	293.394185078	296.169884342
100	210.110417386	-35.8118745781
100	275.824067507	187.192516045
