1	-121.948552216	-45.0704783705
1	125.255645692	62.8156106837
1	140.456852838	23.5485377282
1	-156.092756227	80.4687915459
1	101.47240726	79.6816275143
1	130.976077279	-73.0583135811
1	81.0602922094	163.836186802
1	-105.394180645	113.978436039
1	-123.81091586	72.5387802369
1	-80.8373932973	-57.4834812472
2	14.9751669549	-164.255710976
2	66.0363956318	-51.5604023783
2	129.238483542	-141.076526442
2	-62.9978080495	-46.5935374227
2	168.92776788	166.513556682
2	-47.260670181	-56.4955724438
2	-168.257094858	-114.599814847
2	175.93855381	-108.602626365
2	64.9766825546	75.2396887091
2	106.62511563	-62.8726803393
3	143.074088932	177.641274671
3	-71.6564688538	-102.936606819
3	71.4162457473	-68.8796599955
3	53.2476488913	84.0332109527
3	71.3812593672	-120.884537
3	-101.586685375	79.7953818047
3	-91.6468366994	-59.7691706394
3	137.287305946	-90.7379434253
3	-68.8367576542	157.281480317
3	-129.99525097	-33.7446595319
4	-93.37968391	-86.9276216232
4	-110.940617612	-80.0402175222
4	113.547596836	119.980978433
4	82.8384454195	-64.5459717271
4	-60.546848732	-36.2881059483
4	-173.800778184	-146.095482354
4	88.3405501111	-119.678577809
4	128.279799885	140.524289814
4	179.018697939	56.3748821722
4	-100.311532611	142.106819408
5	119.309552324	-64.4361335083
5	-177.656894229	-80.0890153476
5	137.927972384	109.39207109
5	111.941658159	27.3578185398
5	133.871926447	-218.630401235
5	-132.041003698	-93.0644913633
5	139.669035667	-129.651132013
5	-128.874637578	67.39384482
5	160.928291474	54.3456750191
5	-87.5600732656	146.806608059
6	108.520398548	-165.808043718
6	89.0125210845	119.500043088
6	-158.133354582	14.4983587514
6	125.982649658	-156.974115648
6	-76.3900016025	85.3998794402
6	-87.0303132339	-25.1780644687
6	-86.8939779546	-40.3588173755
6	-152.184951103	-105.692463526
6	94.8606376295	97.9556837938
6	-70.9847445628	-128.592603945
7	-49.3244550631	3.20827114536
7	160.740422858	-74.7706894427
7	161.678835794	-159.126052953
7	146.227471205	87.8302406969
7	-62.6765969861	142.487590272
7	44.1335845148	48.22883744
7	-153.440322432	-176.289608169
7	-149.833580158	-39.0840168016
7	-130.46346681	-74.2730629211
7	-156.236680401	-160.410784749
8	-138.800583901	62.3113689907
8	148.251637457	68.3929707166
8	-88.9226160619	80.7093540594
8	-167.847295861	-82.7896236202
8	62.3474011373	-90.6183840131
8	-96.5358994347	119.621321499
8	153.516928231	100.480778621
8	72.0569801115	42.0935105942
8	-125.812791407	45.7751804097
8	-165.924604534	-2.65971030022
9	-153.612817116	131.443362993
9	127.492259867	-69.1065512035
9	-113.60862362	35.6110967995
9	161.816282655	-84.6654632963
9	107.519641667	-67.6474051119
9	-79.9264750506	161.624215022
9	121.03542686	-83.8012075401
9	172.793942517	172.845768023
9	-165.143054503	-61.2988874072
9	116.896578241	-162.911738417
10	-125.223050195	21.3956822564
10	-63.0203609065	-76.8739343028
10	87.4909444405	-183.924553376
10	135.315151456	-149.848921844
10	157.418244874	34.2921521401
10	159.934677553	-166.803826729
10	62.5730651757	-106.253015717
10	-87.6999731486	95.8795084199
10	-123.273823134	-113.060606462
10	-139.971840035	163.739453583
11	-32.3537614293	34.6404193049
11	-81.541647185	165.412803002
11	66.6537383104	163.631189934
11	177.255103525	-64.8773748701
11	158.039718211	73.7072166894
11	-156.658286012	-47.2595586459
11	-171.477393899	-127.330191204
11	-121.360914663	53.572813402
11	-81.9529376321	-103.776688126
11	39.2740487748	-162.477704062
12	-36.2349980421	-121.486953538
12	100.525161135	147.33872369
12	166.353462912	66.6609451756
12	-119.473937235	-226.288863179
12	80.6135907207	8.04373936624
12	86.572229653	45.7989233215
12	76.4444627464	27.1490011047
12	127.151566491	-134.439339246
12	131.357283941	-83.8708303623
12	-77.1774503434	70.9110011045
13	-109.806554928	167.743843427
13	46.3255253115	-86.4615483786
13	-151.508575537	45.4243986742
13	-162.600477257	-125.907626862
13	52.4255246727	-90.8158996911
13	-139.647372771	87.5684498294
13	97.7468093569	-133.121058397
13	172.016926801	-86.0747809839
13	-71.6633760968	-193.654983116
13	104.18763074	132.247619296
14	149.82226247	43.371699659
14	-115.803278462	-23.9052372019
14	-106.846413236	50.0077194864
14	99.0217034069	179.28521087
14	-165.140054141	-171.326000132
14	99.7937075677	-97.5574474047
14	60.1728280075	46.9612049344
14	168.152105291	155.893394236
14	-80.8667840027	82.8765427645
14	170.112814603	108.544015283
15	-135.242499611	152.674573788
15	140.372481548	-37.7398024507
15	76.6106956754	-122.356726655
15	-96.7459494712	-26.5983219209
15	-147.238002706	-79.5859645005
15	145.382822897	61.382304944
15	-122.042012354	148.298319817
15	130.62228169	-176.956336283
15	-105.979253552	111.337260233
15	-120.822533737	-53.9941742132
16	89.9487653812	-94.9947175101
16	-143.648384828	86.5540387077
16	-175.725950878	-62.9298120321
16	115.789148546	177.536016655
16	77.9615490699	88.8828455771
16	78.5096038992	-60.3447545312
16	154.398219584	-92.3750888009
16	53.1143332583	-140.793778675
16	101.45291562	-82.7603050146
16	-120.373545036	163.196317385
17	10.4442828646	44.3161443024
17	94.2250336524	-97.125220413
17	70.1805047929	-156.324785965
17	138.59853413	-177.347861615
17	-79.1816692074	150.586020663
17	-112.163328949	-177.1125315
17	-30.9205621409	117.592951033
17	112.540226203	-141.885011427
17	-91.2578042562	143.156398385
17	-45.4995319419	-56.632587535
18	175.736162657	-55.8902779977
18	107.920524998	55.5531040785
18	-179.652934177	144.265593191
18	-103.596698336	-32.5969588587
18	122.535247055	-148.397187255
18	-113.110634593	82.2747622457
18	165.994400298	156.78616798
18	162.825571959	-133.901748169
18	83.4028969063	93.6593506066
18	86.090289956	-134.679677433
19	22.3265072741	-82.044808317
19	155.23351783	172.874758231
19	-69.0189238221	-24.1829886219
19	-94.8950525527	-2.98521523481
19	-129.013843755	121.774954715
19	88.9641002228	169.008455442
19	-140.456300208	-97.5247658286
19	-56.903051592	-90.4290359943
19	-34.8992333799	-56.6997046394
19	-109.911205496	25.2357745826
20	132.360695503	-88.7896010178
20	124.414667285	50.3157697462
20	-111.083846241	-29.1796459517
20	-125.414948463	58.7250772007
20	54.6747206372	-164.837344579
20	-63.7243188931	154.396329376
20	-105.058362732	26.6747140487
20	171.305238286	62.2575392355
20	158.938019196	-102.66096215
20	-75.5359629142	-109.45100974
21	-57.893991221	95.8256941567
21	70.47051415	-158.861045434
21	108.96071177	-18.3000608704
21	103.329267836	-161.446060837
21	77.1898966187	-77.8593428028
21	-75.3548117652	158.524996496
21	157.352372592	177.45490001
21	-158.471723502	-161.796684339
21	142.813470776	148.908882383
21	-138.200962726	-138.854585357
22	69.888966572	135.356512234
22	-143.211672777	118.004510424
22	-138.133772938	9.49751360053
22	81.501329546	157.078232532
22	-104.067061196	17.71260905
22	-68.5685212953	62.844187586
22	126.784164227	-74.91450908
22	-96.851110153	-152.954969185
22	97.2499300961	-60.2984525115
22	34.8590787104	-151.051457742
23	-54.2661912361	-90.4081421647
23	-104.893788344	117.563337321
23	-139.881571974	112.307249454
23	66.9122258949	-119.275452106
23	106.603656315	122.791887874
23	-109.578827399	-139.44828459
23	-67.3667030724	-159.748229175
23	-92.5648313339	146.495820432
23	101.565342293	33.623648834
23	-145.822096008	-22.9281526276
24	74.5244175911	-121.691386445
24	-40.6399052194	105.958434557
24	-109.313921159	-2.97395738009
24	-53.3998580837	-87.6955975645
24	-59.0607450248	161.8639878
24	132.318646898	-191.295317606
24	91.7077287552	-104.236887192
24	63.4192601819	-108.128641298
24	-131.951949825	-123.289259254
24	97.3981401474	135.859650316
25	149.925698463	155.727732742
25	-105.037980301	-173.818830558
25	141.07676828	-15.2983582665
25	-150.377314041	-177.768791809
25	121.099282716	-130.256302654
25	-152.438643128	-41.9258715602
25	166.444453185	90.6692516531
25	176.331639829	-144.068089333
25	80.252780655	-168.804727123
25	68.0177213189	-97.643436094
26	-149.184522335	-120.413381552
26	-61.9877312294	74.6578325571
26	160.747181116	-96.4566240525
26	177.336815024	1.77419136007
26	73.5911295687	-137.900815161
26	82.8446951359	-153.816590808
26	59.8676895504	34.8079169382
26	-136.909380032	-9.81803901836
26	-168.9928929	-31.7193133189
26	87.8593465506	124.81011946
27	-63.2859791536	-158.178566637
27	-72.2180948012	73.9311489924
27	40.4776185021	-111.790865513
27	149.554519545	120.22747619
27	-123.428840073	43.2061871013
27	94.1192297081	49.912440073
27	-80.6437824251	108.280834385
27	51.9449081273	85.302563306
27	-112.413133318	92.9603146335
27	-135.311068777	-160.717704658
28	-135.7998191	127.841121343
28	-133.27231356	36.0503950501
28	-106.49568831	-70.3208752311
28	120.067054192	-58.2980159593
28	-99.761576382	35.8877162165
28	-160.872345941	74.0299314603
28	-117.730092724	156.629536072
28	-89.7564681894	68.6073196282
28	175.190649444	-146.87709763
28	-140.725965609	-51.2039536313
29	-165.398934996	24.4239433522
29	-130.40804412	-136.602176387
29	99.7728795244	-154.67687799
29	-127.240241187	67.6743121795
29	73.4642536471	-176.774732121
29	114.960357565	-121.45806576
29	73.8558975468	157.751639131
29	45.3279248684	-159.188563323
29	-120.482552121	-15.9159778803
29	84.6619095269	-44.4234771402
30	-156.56981758	-168.438464415
30	120.9700182	-154.560540072
30	159.047862821	-56.0932097574
30	94.6011066542	-84.9822608961
30	132.610000666	-132.578335297
30	-91.728395198	166.117246268
30	-143.186443653	25.541670898
30	-81.1884783534	-79.5058745817
30	-175.027242914	56.1830546751
30	-118.23006821	-63.0454882024
31	-80.548618613	-120.223151797
31	71.5468713252	-103.065148138
31	-120.111810844	-149.941193208
31	175.045131442	-36.2603949901
31	-142.982408146	-105.559552095
31	137.977456138	-79.8063397318
31	-109.795837055	85.8012052814
31	-116.789665625	-175.879097509
31	-109.431669895	109.485326132
31	-109.660796394	54.4230199016
32	-97.5094271822	-43.3790591252
32	59.1129535399	-75.2969885426
32	108.642017186	107.537780753
32	-57.7551397721	-69.957743345
32	-114.487428883	28.672677149
32	-177.457195352	-122.06608283
32	88.9152943547	166.091185527
32	-152.471469957	-147.865800764
32	-135.711335101	112.637011645
32	126.400711781	134.235864826
33	138.916728756	88.3473986132
33	-119.551442435	145.870078713
33	90.0610613449	-57.8458752466
33	55.6649519467	-126.085118391
33	76.4400937838	139.949681203
33	-51.0972505349	-36.163938244
33	-168.422498403	-166.940244424
33	84.8251423867	143.259446266
33	-132.417620305	158.855935688
33	-15.3671239192	193.959322324
34	145.750387874	48.4004690439
34	165.806738983	173.92812384
34	74.8280545173	-69.2338126671
34	147.342263898	-80.8853398257
34	92.2232676121	169.319735594
34	106.846062038	-92.8649227182
34	167.905850416	-34.9007271222
34	110.978986369	124.6134876
34	67.2947111191	-74.9111673429
34	22.7888004903	-129.453031704
35	53.7000718179	-121.995774686
35	48.4643835545	-167.799449513
35	113.613766351	121.750993368
35	125.852639168	93.2691804762
35	-83.0437907358	122.421300331
35	65.6300628307	62.1075706844
35	83.7904638287	87.0918790281
35	-157.90747961	142.623155411
35	-62.1848914029	121.028161106
35	124.552665663	149.367097082
36	148.584178128	-25.4542854554
36	-159.196828403	-140.504160706
36	-91.872959092	86.2289285203
36	-147.37165103	-103.143311175
36	-53.0018841066	136.794243144
36	66.5328070763	17.4086661172
36	-63.7145909825	109.740296441
36	95.854126894	10.7732628215
36	-140.87199744	-112.266001599
36	-143.706529384	-102.486430923
37	167.001366614	128.233022903
37	-104.102245742	54.1213292623
37	-119.298148582	-76.0216550305
37	127.421914013	-60.1975148198
37	-38.8301954452	145.438315787
37	-64.4567136411	-61.5075889511
37	-90.774657188	76.4391429037
37	-58.7505654943	132.255187735
37	128.720772962	124.937309529
37	172.152080887	-77.8071201958
38	139.866133432	-140.869503347
38	-56.8446972038	135.890691851
38	-78.8545136895	-47.4003152641
38	-150.077973465	42.0074215174
38	-137.321617795	-179.916487878
38	176.129465172	158.111687369
38	93.2184419178	179.059294676
38	-99.7026086741	109.080489709
38	142.510660428	-154.068167034
38	-123.369795453	-156.305789031
39	-73.943739742	20.1919120392
39	121.267235852	-10.3836218352
39	151.118132873	150.086805477
39	36.24000102	62.1443606229
39	-108.209926027	-18.5237379303
39	113.371440414	56.9769962351
39	79.8323631842	-160.842092508
39	-169.11005584	78.1371284988
39	-137.174381655	-132.824453608
39	-111.529027876	153.0712619
40	98.4527220933	76.2116654591
40	165.533190573	141.376834911
40	166.132383398	-25.3412250252
40	89.7257428046	-95.3047678055
40	110.904067423	-117.990897851
40	-83.8663706489	-173.100739629
40	-48.6403352567	142.575338637
40	63.924515832	-76.2019538927
40	-136.701930808	-93.7037366383
40	55.636223411	63.17922901
41	-98.8530889967	-16.9020296194
41	-97.5201271056	-76.4441679729
41	40.5908532765	-106.206106983
41	92.3702885609	-145.471646956
41	171.72620538	40.810543975
41	-171.754281937	46.0602103353
41	110.98031126	-174.202570739
41	-140.817187227	116.240694165
41	170.357886424	-155.823004246
41	150.729537565	162.473269151
42	-3.94328181425	145.463843442
42	87.8821003324	25.7403256531
42	-136.529277635	137.963515867
42	177.251914577	-32.1266127832
42	-160.720791226	-164.398090298
42	121.074257193	-172.358159445
42	-83.4882091081	131.550335064
42	47.5597857415	-107.482338989
42	126.019145189	288.298466821
42	-96.6528213406	168.895334038
43	-10.0267769784	59.9586850523
43	89.8252438471	79.7782403497
43	157.714402062	-37.0658844623
43	-66.3061218574	121.585067077
43	-61.5344838463	59.2571120826
43	169.805638091	-35.994274082
43	-120.520955168	124.940389247
43	85.9708014069	-51.2686251476
43	86.6746219801	-153.559399702
43	-78.71404934	179.52157104
44	139.720747379	-74.6815836934
44	-64.0223153603	-105.773526457
44	104.693597159	-133.929614899
44	-82.0194991148	162.274530143
44	103.969519909	-164.697074912
44	118.164319895	63.5629634818
44	-158.769606071	14.4635421993
44	-160.11517263	85.1692345023
44	-92.1711820272	-153.788106019
44	-96.4980605906	33.6165695345
45	179.974482806	89.5357167386
45	48.9324002887	-153.366609849
45	-62.0634280586	-68.1530960486
45	-144.534365095	67.7455343495
45	132.090528441	-17.9993195013
45	125.417456761	175.647540351
45	93.7761074027	176.828712658
45	88.714728924	-36.9525440719
45	-73.1269258321	119.943779303
45	101.524513575	164.473766828
46	122.107764471	-54.1193392353
46	73.5651368362	176.728684948
46	-58.7003074897	95.3336369733
46	56.4797850015	-112.319322855
46	-101.846434632	15.0707776128
46	-86.6720214465	-169.461107133
46	-176.343644923	-43.2560299454
46	111.584661934	176.242387699
46	145.464550742	122.216768053
46	-120.078431946	1.65492273475
47	38.8928798006	47.6130206761
47	-129.919645409	-43.5666085356
47	-71.4380831302	-80.3579907424
47	129.992900916	150.702228193
47	50.9579241408	62.0982419774
47	-77.4953554432	75.1051864854
47	-153.803437873	-131.593917013
47	-168.843028723	172.651406646
47	134.308046527	-23.9260113033
47	-90.9136199914	-67.2849150017
48	72.8615549342	13.9316988868
48	-86.5729495868	163.014200893
48	35.1022096685	-87.3702375087
48	-115.787159502	111.468700696
48	-111.242838932	-44.6177524223
48	-52.7753082802	126.184825248
48	-108.157867472	142.533952989
48	173.74782296	24.750476889
48	-178.156073827	-162.154177991
48	-91.753366887	-65.0945856799
49	74.5134421438	59.5624037084
49	-109.375202685	-153.140540638
49	113.664380148	-156.843872662
49	83.0196127137	-83.0340125615
49	134.270415208	-59.8144111306
49	119.458626149	-120.384018382
49	76.0252233614	159.548775301
49	138.013353508	120.91834927
49	163.199449926	-69.64039051
49	-80.6692101774	-102.877763371
50	-87.5052747554	-143.375837937
50	166.270016291	-166.938070479
50	114.661840441	-61.0606195762
50	-110.555313866	80.8763178126
50	-173.052833884	-67.028775464
50	-168.574903022	90.0541160374
50	-139.142398486	46.7500936426
50	-166.957384867	-72.4714021788
50	-150.604206157	-60.1476241326
50	-74.5303842149	52.1752649674
51	154.125854173	119.482446438
51	174.15591164	-19.5260142113
51	84.6490905115	-63.8300630994
51	-138.923149567	131.010412598
51	125.099533241	33.5845833233
51	130.846232826	-133.003277892
51	-74.5168767154	-171.655379305
51	92.479538514	-64.6299995502
51	-112.04738782	-58.1876840112
51	84.1599307104	-180.729100746
52	-89.5370109602	-19.372523728
52	175.483913396	-50.7874422401
52	-98.6641181659	-16.2548219668
52	124.753494854	169.211550216
52	165.664327431	-149.200312049
52	-147.189797722	55.7948217531
52	105.991611699	-13.7855814221
52	-56.7184636973	126.196890569
52	86.1959899921	0.378573677196
52	-119.882652946	-112.510917967
53	155.316221937	-172.28769942
53	-120.111697511	-97.9924710803
53	-103.861278874	-4.53611627271
53	-54.5092215218	-151.3706657
53	154.315883419	-159.34803968
53	74.8089560359	22.9835904846
53	-85.0282397516	95.0092570771
53	77.3112759525	91.8268281722
53	-142.523442115	-75.9615316171
53	-88.5946789656	157.691005613
54	-93.7709815247	-128.271184825
54	-125.350236575	-144.056348296
54	106.960279485	95.1963063002
54	54.6002222908	171.032801587
54	-79.0643978407	-124.421914455
54	-154.723120447	149.586219136
54	-95.8173175303	141.753160693
54	-76.449397879	133.124042803
54	147.366320507	177.696365799
54	110.4422243	101.43047698
55	-71.613731187	107.128709101
55	-159.367905345	-87.1968293827
55	108.53301491	84.6506356485
55	177.685956135	-59.0460639585
55	150.009926399	151.96859618
55	-125.768596799	-21.8083276434
55	-120.535634553	-37.982982356
55	-152.947028109	118.541454221
55	-129.607070678	100.745286562
55	-96.1828554557	-162.588797691
56	-90.8945050475	105.382751929
56	143.989614184	-43.2007706093
56	-125.285233518	114.906711039
56	-110.622468562	107.600509572
56	80.8866646218	-159.220604041
56	-156.659632554	-22.4032136431
56	-113.334216243	-93.1890366992
56	100.194946992	-77.3642955131
56	82.3518435763	-89.3993140123
56	114.392911328	-66.6677381706
57	22.8176715986	176.204047641
57	41.7887755869	70.5578973561
57	-116.08873475	231.964507574
57	-165.8405353	-66.5284814382
57	39.1002486239	-135.883118923
57	-136.271856313	-37.7547449937
57	-117.392418515	-148.401425925
57	93.6290273414	100.62104522
57	169.628274564	-179.778109996
57	153.123272376	94.098034517
58	-58.4145600873	139.229575897
58	-153.979606958	112.730424378
58	135.798018241	129.915423299
58	74.3919890264	137.249772409
58	142.743941357	-25.6141192741
58	-179.532582984	-29.1544002638
58	-92.4399455061	-40.1247720701
58	-65.3716344388	88.801220181
58	112.633276926	43.2380349943
58	-131.9574548	-93.1769553473
59	-105.032434034	-118.549828698
59	-131.617737353	-167.759293338
59	-105.56693611	80.6951950828
59	153.68516842	-19.0606431015
59	136.395484829	-52.9131301729
59	157.695829656	0.161596958734
59	-158.594893173	-42.881329187
59	135.590619359	105.756697362
59	101.177765079	175.156998592
59	49.8684004011	153.045392791
60	-79.5931502342	-117.923413705
60	164.410476328	121.64827217
60	-69.1204327585	141.75529433
60	116.809493563	81.5282798687
60	91.9325569012	86.0934101417
60	178.011350429	-65.3912321585
60	-160.854514138	-60.7423379539
60	156.034936252	87.8397896755
60	61.3815236697	-89.2396706267
60	-108.505926425	-97.5648378318
61	13.2413891424	-162.823480232
61	-69.8507533611	-11.2691063014
61	-64.4630996611	125.432860023
61	-61.5618006465	74.7056862399
61	-147.947511177	68.2934768246
61	144.391866928	45.2737497873
61	-154.380716118	-125.08469753
61	176.426496679	47.5948604263
61	81.7112583084	118.278074252
61	-170.9801019	-55.3255440761
62	-28.3440114273	-119.573513487
62	-167.452880115	20.6223870837
62	44.7598611692	-151.022692496
62	-69.7868820363	161.368864609
62	46.5547842862	58.357591633
62	-90.6522395187	-92.7198941948
62	99.7527867297	-25.3435284179
62	-179.452130023	-204.086863833
62	-162.802786602	-156.827026388
62	142.168662081	91.2813268507
63	124.908807033	51.1549223977
63	111.742606681	78.6691579491
63	177.760529123	-45.150566246
63	-84.3851697286	-77.6478592213
63	-172.092065679	36.9637176534
63	-76.7057592884	5.56512936615
63	130.902576869	-40.2121153122
63	-116.315239971	50.3552763558
63	-153.593403863	87.7661439604
63	-45.513160351	149.553000644
64	110.695589824	-36.1428064739
64	51.6133080095	-142.826976634
64	139.946561188	155.558342511
64	119.627391938	-96.4993210777
64	83.04684424	15.3452521626
64	70.6725845453	-77.0872506589
64	87.7823214776	112.087038301
64	-111.428643213	-139.726721412
64	117.309162302	83.7592782619
64	79.9033216744	13.4613537415
65	8.56977699303	136.962546201
65	82.9752481312	-60.1248170284
65	161.784247179	124.394980346
65	-120.257109802	102.166435937
65	118.712913084	172.667697851
65	-165.275932295	-146.285880611
65	-134.152395248	148.984169213
65	75.6451873114	22.2755104863
65	119.21728122	-56.2660388034
65	28.1513147395	-7.84317924519
66	70.4697246151	75.5140243667
66	124.122335387	-75.360853099
66	142.591043667	-44.5176437383
66	-71.5515796408	-123.922420358
66	111.232579623	34.6458226795
66	-51.2104387906	-85.5181010602
66	-134.845920556	69.8421780969
66	-172.366068528	108.787643176
66	139.915083612	-153.473566267
66	91.172057799	-8.73427648206
67	84.0023195928	-95.0339584914
67	-85.5246618737	168.576516176
67	-143.251236441	-156.224159659
67	-82.6228305462	63.3538039824
67	-178.849041771	-30.7471961655
67	152.655571396	-158.231553901
67	99.9266327867	103.963742142
67	-121.291617746	-134.720914634
67	92.6194166732	71.7384510678
67	174.595944267	35.7187894031
68	-137.160425273	60.3916448723
68	152.281063412	-137.528983891
68	150.96626008	-142.505781205
68	-110.397839165	-32.3824418595
68	116.461254576	10.0930061871
68	137.770673287	-150.552658796
68	141.307833897	-165.297886661
68	95.5239741321	-3.90436538866
68	-148.884140316	149.005541743
68	-70.4174170395	-80.8984547783
69	75.266925205	27.8666363429
69	172.982344402	135.586612194
69	166.403467055	-88.8795790207
69	88.2230705067	40.1732825675
69	-87.4620324243	-94.7881837906
69	111.203615894	-128.625584215
69	-114.637715406	-115.493149388
69	172.499679755	55.2069997961
69	150.860327908	-108.927190436
69	-75.879650153	-28.3479186139
70	174.71837305	-153.669246412
70	-97.2873846745	69.3315313299
70	-99.7762408216	56.5365984662
70	158.97397049	160.858410464
70	-173.252470303	-40.9100992513
70	-147.391189697	-88.8506620072
70	-126.576323928	-38.4524395199
70	-113.619042439	72.0966051904
70	-113.218943923	-172.241769516
70	-65.210722965	60.3928434619
71	146.750610187	156.482771212
71	84.4343064867	-100.232619544
71	120.49571137	-119.414912426
71	-83.8677927904	-114.476054814
71	-149.262509657	-18.743780655
71	-156.789023983	25.2635842751
71	67.3576050523	-156.296423949
71	-164.209101856	-140.90499178
71	-139.862533573	167.209159364
71	162.906188855	127.405024942
72	65.7920808116	53.7330658578
72	-163.595137473	32.9547354825
72	101.78357037	26.8806890518
72	-118.172618222	-129.492839603
72	-65.4645619972	135.86864235
72	76.2006995578	-138.965008275
72	-98.9343206065	150.497061491
72	-152.136829414	99.4608260835
72	157.00805179	-58.3090866787
72	144.268956294	-145.972850531
73	-176.439246034	48.646853221
73	80.6738878505	-78.0901344932
73	-87.9200383542	43.0125974004
73	65.2277352215	-103.808758079
73	-35.5354831802	120.798798887
73	140.282039661	140.522180825
73	-164.434765742	147.221236101
73	-90.7574986272	-73.3012578322
73	-163.039901559	153.663336058
73	124.972656585	97.5977718126
74	50.986281345	-78.8184682755
74	73.1429948712	-84.4455187594
74	104.208804418	-88.3200495925
74	57.4039278526	173.627899323
74	-78.1357589469	144.321345935
74	-89.1661395974	-116.461566245
74	-93.147895541	-60.5743140013
74	-81.0657036731	-150.981433193
74	-173.336534451	103.150161305
74	51.1892386472	-83.1189916604
75	-132.220217725	55.6486715652
75	159.340749022	-7.91350547944
75	95.4540090604	126.753960504
75	-160.575086801	173.745363025
75	90.3831370036	90.2970307031
75	-22.5786514212	61.01151473
75	63.1407847026	-81.6821790079
75	-89.7753876448	-41.021837849
75	177.736292549	-83.705439757
75	-165.432836047	-52.2782000482
76	-173.673961345	-88.1275045558
76	117.754179286	118.48405037
76	-152.173825352	-161.180599532
76	-46.3879217847	157.277507938
76	-39.628802805	-49.050886284
76	-76.8530336237	-47.0435553743
76	171.101628913	155.633407256
76	170.361316388	-169.617463655
76	141.119082133	-227.166441922
76	-129.80351382	-151.273735972
77	111.607708549	-14.4185011471
77	81.9589546265	-23.905591892
77	140.313023002	-11.2495544297
77	142.999255591	45.8015709655
77	122.956807743	115.857026451
77	115.331074309	59.542500048
77	-41.6117652493	148.720194141
77	-164.498801459	34.7761518716
77	-113.336876793	-154.887250674
77	58.353993883	-131.254845417
78	17.8872652077	170.261734422
78	59.9262646145	-101.585359442
78	69.465436293	-79.2186252126
78	-169.863485338	97.8524370821
78	-144.613710223	-126.561746922
78	-91.6370870637	-7.79804305052
78	-119.637839968	43.5665103002
78	-111.314952669	-63.4154332111
78	-167.55844695	14.1442233964
78	104.187178309	-144.87142939
79	-79.0800426728	84.5829729872
79	144.654420951	-12.5625062493
79	59.4794647367	-89.6237494625
79	-100.132952618	76.2595691495
79	-74.5570005891	-149.679896141
79	-99.9121139435	48.9944871009
79	157.491824543	-102.320611066
79	-121.959157248	40.9151437053
79	-65.972633993	-174.988588961
79	74.2785748391	46.5002916466
80	-46.7853352154	-47.9520769625
80	166.361435628	-159.114386162
80	135.933630255	-172.011478283
80	-145.277333252	-55.5010177614
80	111.556358526	-111.136424296
80	-157.190952799	23.4423333258
80	-76.0753908708	59.5971305024
80	86.8500863186	179.410273389
80	43.5912575765	64.1762178117
80	104.641718969	-130.50029306
81	116.240393685	-120.640322981
81	-176.380385126	-72.0426550093
81	-95.0785325527	-22.6646016772
81	50.5193759813	-108.840433345
81	-46.360987371	148.955204478
81	-159.281955999	5.4155623575
81	-90.0433083739	118.354834216
81	-125.353736098	-3.74213382899
81	-26.5462361427	127.410171643
81	-128.185968302	174.086178663
82	118.630355699	33.5301665092
82	-154.948464789	-70.3916582612
82	14.7132497826	-74.8945237549
82	-173.71964476	31.2855734988
82	137.888617928	157.716485644
82	-70.674029895	-111.752840713
82	85.0397383606	166.564885767
82	168.694525717	125.447752265
82	135.463748028	122.326250473
82	5.89398582697	-37.8697363697
83	-30.1801859762	165.313024219
83	-176.135670735	-92.1035477309
83	159.555154042	80.2950957109
83	-116.030665335	64.5937032725
83	149.13111273	-143.543597988
83	97.7412244514	-164.057412758
83	-171.015901743	133.705534381
83	99.4608378523	-14.5413242031
83	-137.769797038	-132.628293931
83	-103.256720821	-47.7758378233
84	-105.728611233	75.6416939261
84	87.2932422254	-106.276988787
84	130.625158135	-77.3768062519
84	-138.247955825	-76.4217671231
84	-84.7892679223	119.131287357
84	-50.8246496518	83.2398305339
84	-103.444696529	126.082501703
84	171.011021286	107.64710733
84	-154.866348457	114.269606816
84	79.40476525	-149.44225608
85	7.00978993788	117.448483177
85	141.352104949	-143.263931353
85	-153.020501497	83.0564196266
85	-67.592981818	-79.4904053769
85	163.849067176	-68.1765011301
85	-156.094306829	98.6441515444
85	91.1636259003	-0.230314378716
85	39.8683505275	62.1069385959
85	157.323059157	76.5578897379
85	165.228176896	61.2396131131
86	-97.1410956466	171.283798426
86	66.3237536482	51.1835822073
86	-73.6966857415	147.659469458
86	129.568605903	135.180285687
86	156.82358793	-12.3791551969
86	75.743447818	-87.5765274191
86	-105.996249823	-31.4308334561
86	178.699484861	58.0407611397
86	-78.3671898531	-60.9561717206
86	87.1218740094	-7.76396328214
87	-53.2965100227	165.913228609
87	92.2791210433	-101.441058079
87	-76.85055939	43.6186096497
87	110.517239486	-163.609560054
87	71.3131278256	-96.2612420849
87	-53.105626884	-52.5558698384
87	-143.232889648	-87.1349605087
87	28.3399686724	-134.346454957
87	-138.625043864	55.3912872257
87	104.011829716	89.53464856
88	6.21987388882	15.1438684129
88	126.55542154	130.821220686
88	120.21917565	-82.6014753425
88	-38.0146875921	-68.1917268998
88	97.5779584718	-78.7423902418
88	-145.203970281	-99.1039775435
88	145.485978615	122.592695345
88	61.2757194058	-115.099989468
88	136.314371934	-12.9236963
88	92.7210205063	-109.677314837
89	160.773086719	-66.0134976455
89	-85.6687390882	-9.23755605307
89	-144.446238773	36.4101439459
89	69.1512779643	-128.309431599
89	-98.7900238174	-148.131487637
89	-103.70454253	146.75475041
89	159.631770526	19.8826831223
89	47.9078280287	-88.8947737379
89	-159.459985181	-113.750432729
89	-113.813400854	138.974871349
90	-140.067097472	25.4580455297
90	170.581816533	-93.3197947561
90	79.0464489021	143.110352051
90	-141.182949939	-25.7286857524
90	-169.908961944	-88.4840599567
90	-155.175106686	-122.310702766
90	-77.8950920742	75.6616101817
90	133.830898114	137.191087192
90	53.1486136622	53.9776364279
90	106.355978124	104.494489835
91	-117.120420117	36.1970226602
91	-155.590125133	24.5082512926
91	69.8587231369	17.6639481571
91	-53.5827472051	79.9351128447
91	173.778024756	71.0743522187
91	-65.9183200541	168.629638653
91	140.677253126	-123.987050396
91	-156.227540986	14.3783309191
91	83.404745375	16.7609882468
91	87.6301568756	-144.605659219
92	-160.856964557	77.5271592447
92	-71.6924242543	83.7564877252
92	58.5049185585	-98.308985857
92	-146.197174026	103.744549928
92	67.0765350231	68.8382137925
92	-174.178321297	39.6437950997
92	-63.8366418234	126.837770558
92	-145.624841995	161.708549233
92	108.531313387	-110.22478249
92	-94.5886609303	-14.9561852775
93	170.947542787	46.2886349071
93	88.4577030644	137.634705269
93	167.346110199	47.8233425776
93	-104.335709211	-147.952595732
93	-174.361104777	132.13776246
93	107.321252008	-77.2018165289
93	-141.384419496	90.2325691405
93	114.404607764	133.854099246
93	74.9075400762	-59.926703347
93	-90.1167769365	53.9982140691
94	154.494661979	-83.6935931581
94	110.18504294	70.9091089917
94	118.435876825	170.167766502
94	83.4450921701	-131.678199681
94	178.217860731	-164.150631588
94	-107.882750822	-47.8524428873
94	130.226912038	-23.785986569
94	120.188208223	139.055551493
94	-102.543938789	8.65718429566
94	-135.986711602	158.657112557
95	20.7643866492	-129.531572337
95	53.1543407549	-104.341826874
95	-154.486257443	41.1347907471
95	152.442937711	56.4467924646
95	-137.677956096	48.2908918394
95	135.951936577	-71.9800415644
95	105.48922648	-107.757051227
95	-86.03504743	159.710671533
95	-75.955388012	70.6765110761
95	-116.744701661	-34.5868993854
96	125.636217946	68.7704112306
96	136.634383909	100.765401184
96	-81.2770838768	13.3365309328
96	47.2006526486	-116.049062574
96	-80.840454326	66.6763102553
96	174.54865175	128.732398655
96	-87.1979881996	-76.8240938579
96	77.3400301161	-136.858627918
96	65.0582298586	-93.3832168121
96	37.2404415748	139.60590451
97	-164.214574425	141.106608027
97	94.3289958422	-102.901956808
97	74.6634443549	-69.4743718434
97	85.2186985145	-121.111399095
97	165.397589831	154.705577357
97	136.340441523	97.4586296052
97	-127.463685986	63.7380823692
97	3.71654866033	-91.3508683819
97	137.115741619	-1.32074716235
97	-52.3045965351	-63.441530252
98	102.341621359	-130.225029893
98	159.030063422	158.501554094
98	69.1316287509	93.5167646671
98	118.615173798	125.403443399
98	-91.0244507883	-127.197698521
98	125.637339652	107.784746843
98	172.315963373	97.7898469783
98	69.2464736985	-87.5381706242
98	-44.6046799635	144.937201202
98	76.1395218189	83.9382953671
99	110.260859332	-166.334885427
99	-127.637923376	42.2026995233
99	94.0726036562	-77.6718318831
99	-112.679851895	67.5389806573
99	140.821032012	159.206112285
99	-94.0399562298	81.7976073179
99	-54.5069421004	-19.7899690308
99	140.823354698	170.809477114
99	120.50056205	122.079828645
99	-124.37339942	-192.963160326
100	73.7786069912	-121.903695702
100	-153.00848247	-166.128733259
100	-122.977715554	69.7139563461
100	88.1856222543	-133.096450253
100	42.3049589467	-158.186183901
100	-165.595129767	64.1685002182
100	-163.498925027	168.895449468
100	139.503090507	140.237473802
100	-154.292037596	8.36011154978
100	86.0738261926	66.518687612
101	-114.684030892	81.3582243481
101	64.2364812239	58.9635996307
101	-169.93166687	-100.818965981
101	148.123186031	-96.3639885212
101	78.6890612527	-88.9034902763
101	-115.607795219	25.7625568258
101	77.2014165331	40.7132514101
101	-56.0196089334	-50.0681212318
101	132.603752601	67.4626140123
101	-139.15079866	-70.3810313467
102	-112.250915476	20.4327136666
102	160.660563866	32.6179890852
102	163.785864877	54.030187427
102	119.841780668	159.064687848
102	-175.49489404	-116.447522765
102	-125.252614898	-62.8104040559
102	169.058086512	-97.0071960775
102	59.4620929505	-174.59651867
102	-98.6614677144	-148.778943048
102	57.1377223592	152.275585191
103	-121.558174786	126.844061586
103	-133.481123341	38.1936523727
103	131.184497582	-77.4730171987
103	-114.580628158	49.3199683209
103	-60.0738802554	143.910446137
103	-179.857333286	-96.1294024424
103	-100.087091068	-116.002849491
103	-130.385181435	-22.8468237114
103	86.4693063928	67.9843667224
103	69.6763774968	55.7522375483
104	178.506430603	-57.8448968011
104	178.374740303	-174.968139778
104	-81.9709162035	-157.925398442
104	-79.8631729584	-94.5923858215
104	84.7657366342	-80.2441282274
104	-155.753966034	144.63830127
104	174.454866501	-65.2535768754
104	115.44134556	51.2013008886
104	174.301424807	-134.434219886
104	81.1190343468	29.2919129131
105	103.050775804	-153.608012303
105	-147.30739478	-126.557971001
105	103.286506839	178.806892569
105	-79.5964447235	104.346896242
105	53.1804472493	-106.597638727
105	-169.316735244	134.596841005
105	-120.566010308	11.3221087966
105	106.001800271	-178.575169785
105	-105.744896258	169.720682343
105	75.7415463912	-125.348050264
106	72.5446805331	129.296029309
106	94.7773583164	122.173990815
106	-159.978660742	-167.962124498
106	118.918855114	158.092605818
106	-118.80369399	-112.622481427
106	-118.862595204	139.803930346
106	-146.931775884	18.8251234223
106	-173.029915687	100.808026417
106	-85.2491496823	161.898851333
106	112.242966817	-160.703644665
107	134.180647166	64.0652863266
107	120.722473248	80.954283888
107	93.9744560251	26.5104503551
107	126.453789631	137.175151192
107	-110.802707781	68.0679252243
107	62.2064962031	-81.9351207041
107	-143.964181914	-62.6989674024
107	-158.97351306	177.071683824
107	-85.1346721144	-95.5883015378
107	-106.021347954	-173.291412537
108	-28.4371768384	168.980616649
108	173.816087525	-97.9004236925
108	-142.286157819	-131.229988909
108	100.810241893	-61.1364513666
108	69.6700247733	178.607560031
108	74.5569371781	-118.136358197
108	-117.433356421	65.7217255894
108	155.37947164	59.3821825056
108	115.561852855	171.073972822
108	95.5049527147	-83.000020481
109	-69.4120999472	-60.2148685592
109	79.8845626435	-0.611494371102
109	147.990093536	189.474685211
109	149.677134436	-123.294033195
109	-90.1147713774	54.8924417702
109	-101.979898085	-77.4036095477
109	89.5015855381	-64.111496724
109	176.103164701	49.39082786
109	98.4500675988	27.5563856106
109	43.5006848274	-114.272126551
110	-79.1376930248	-56.2141730551
110	156.219164273	-35.3189475438
110	111.150012717	147.624802518
110	157.995131532	-213.637394323
110	-159.467349979	-53.7413644626
110	-71.3258728867	137.49836585
110	-131.210587511	-12.5220468017
110	-124.110092998	106.41815027
110	-45.629244562	-58.3530807691
110	135.871196096	12.3796079145
111	-113.767981801	-97.2068101379
111	80.2622012269	149.526229872
111	-154.2083261	-67.5648372199
111	-106.789829487	45.5129110075
111	-74.1465355732	-64.0576436981
111	-86.8788046448	151.573085097
111	84.3209829012	-114.924791822
111	117.09933323	-30.8324782204
111	98.9160762499	-0.277310467105
111	-109.635103955	-23.1104461039
112	-170.891654723	-53.8928043877
112	177.671736051	97.6668303453
112	86.2722752347	-125.233861925
112	155.687146044	171.306076182
112	-64.9810194657	159.442329144
112	97.9426906129	-62.2001416444
112	65.5661706352	-112.579044937
112	-158.540307682	-98.0592653983
112	-88.0397254121	80.3169926772
112	-178.138135993	154.781148428
113	-159.091099117	-95.7347816477
113	-99.2818334911	166.504088792
113	152.050889995	136.838008237
113	-131.977814266	-132.588422628
113	121.139626019	-11.3071615677
113	-59.6737443744	-34.8237189917
113	-143.734035912	72.5036898585
113	50.4632486257	-106.016125051
113	72.2158984065	178.764955032
113	164.363137915	-90.3459824453
114	75.8347407515	-34.4212452285
114	-166.363921977	-149.329154213
114	177.729687725	70.5201747037
114	-150.868786216	-121.844107013
114	-84.9284697169	34.5864299589
114	157.337585403	-125.279102099
114	162.517573341	27.3956818454
114	118.354513755	-70.3459243003
114	129.145851217	117.448463234
114	51.9953089536	154.119174666
115	111.321505065	45.9693764701
115	-56.701459029	115.681908973
115	-119.130813431	115.471668271
115	-132.564046044	-132.417253593
115	78.6739021468	-9.48861791276
115	-93.801953348	-109.984985193
115	-59.2197767401	101.129903468
115	110.664715257	-6.06439669811
115	-99.3592516934	-168.226154316
115	63.6506476987	60.6709188356
116	-175.227908726	128.528214553
116	-102.589727982	99.3655788134
116	119.02655499	146.739954169
116	-119.502028526	-133.989794619
116	95.6425133422	107.978148185
116	113.224095362	30.9040899306
116	-134.638778858	178.147140504
116	-99.9474588172	-162.573062621
116	-86.9133616861	149.445794515
116	77.7041120522	-124.741965703
117	98.0404361728	-140.885015243
117	-48.5992206762	130.276050495
117	100.089740344	25.6935777519
117	148.089404365	-5.4796160224
117	61.7937332719	-110.365887456
117	-144.976502917	-96.8379768064
117	39.8874343143	-141.2914929
117	-39.9414471967	99.5480114111
117	59.1875877083	-89.6912300744
117	-151.020513711	24.2609971978
118	-73.3528844506	33.6170009737
118	-103.189635118	41.7824129731
118	145.609932771	-32.0961894886
118	104.065434684	2.02527737716
118	92.702760499	75.5745699425
118	162.835807686	-100.928145989
118	-151.914343741	-43.0752468716
118	111.840016497	-97.1454299034
118	163.031983661	-15.3016469231
118	-97.9930951848	143.520770631
119	-127.784011481	68.1385996386
119	131.855596693	-10.157785972
119	101.650101558	-37.2769698271
119	168.674265997	-59.0034224411
119	-162.670186444	-99.7907541809
119	106.566306173	-26.1601631431
119	83.2824409039	-11.5885120495
119	-136.434019438	32.6712593572
119	75.0689396286	-67.4473818933
119	48.0632371363	-172.663597708
120	152.508983842	-81.7900841691
120	-131.343404731	57.8139178729
120	-118.629631378	-35.3395342667
120	-50.7494864647	97.0360404624
120	65.6509215439	-75.567462182
120	-136.204450282	1.39259639639
120	156.49775048	-90.420506834
120	59.5983404677	-127.670660154
120	152.603762781	87.3993132466
120	-113.37681182	-84.0628440455
121	159.137637918	-142.569355036
121	-127.600857534	30.5001462789
121	-73.5672523579	-125.264972229
121	172.294036658	59.0099963988
121	112.596612843	-82.9083363346
121	81.289210458	114.090036329
121	-108.804732965	-28.5593478874
121	-44.0416973329	106.50094761
121	55.3832116987	64.1281625899
121	128.529841598	-172.457394695
122	95.0805490433	107.908184121
122	79.1170671553	-108.695272392
122	-73.0809034323	76.0751322858
122	75.9276110975	165.003130597
122	114.878225013	-157.086787139
122	-63.5829995145	115.37819806
122	163.266518573	88.3692028776
122	82.4778787877	-73.449671028
122	113.828468013	-98.8988920336
122	-175.516626221	52.8749656338
123	-24.3294198989	45.7354784157
123	98.7383835379	-61.612225073
123	97.8034861143	-68.5589863824
123	-91.5854796652	-76.4231663397
123	79.1737785167	173.585285803
123	130.726973559	-4.01292898351
123	-70.3448414239	139.064196535
123	-126.047428185	61.113916645
123	-156.577790996	-61.840479772
123	173.030653984	-71.084457379
124	136.04983789	72.7858144202
124	163.145417297	39.495635153
124	-159.10910689	30.7496413637
124	-99.4010066658	168.58420148
124	-143.023373628	-120.197098674
124	98.5698232361	-160.991417927
124	-112.11365052	47.2101087551
124	-31.4743553307	127.455014564
124	111.206056221	-160.424115893
124	69.5489017632	-75.3471635904
125	84.3008621622	68.8192956029
125	142.281559383	-101.985269807
125	48.1104689982	-100.129712123
125	-110.465484586	-48.8513231519
125	-105.727746668	-69.8661012906
125	165.042122597	90.3656498826
125	79.2473202424	-99.9015691067
125	145.036154596	84.0917226155
125	-92.6131542768	120.182258321
125	-90.9784360442	-170.69445133
126	76.8190138887	-82.7999958716
126	119.851882441	73.2122034981
126	112.6767542	174.040456083
126	-120.0200734	177.114729875
126	59.2037170667	27.4259949664
126	-109.368577162	-127.481045958
126	-55.1535386109	92.553056981
126	-55.1576856431	-57.4069532706
126	135.534886399	-18.4496507077
126	-177.374514908	4.76575380842
127	-130.201417084	124.107868257
127	-153.651828688	127.312000459
127	-126.451898859	-119.989113535
127	-105.017909357	39.9292608181
127	172.416188725	168.037718664
127	-147.735171629	-28.5420794329
127	-81.7040306922	-137.283575639
127	-157.887657958	174.3982291
127	80.6593136931	-45.2770933829
127	-79.4041085573	0.690294415081
128	175.907517156	154.850173989
128	-81.6853242003	75.6747630046
128	72.4075240455	-120.496645483
128	120.712021024	-89.4096983648
128	67.4252708039	-92.4967377373
128	34.3701937868	78.782861497
128	109.983822999	-56.622108498
128	150.052057839	-18.4426096425
128	-114.572077482	144.090943274
128	74.1097144233	118.766481641
129	178.986110292	140.875736379
129	149.700417962	-0.038835964934
129	-135.356080875	-74.3922090736
129	41.9578013318	-129.88696121
129	173.023081422	30.9200888043
129	-165.239279056	-147.366699265
129	97.5317390219	-70.2594165218
129	-123.220451737	-1.62218584522
129	-107.351325672	168.038822922
129	103.781880479	168.330147063
130	24.387368879	107.761571181
130	52.3179252279	-102.79678538
130	-61.149334115	139.88829638
130	125.401320667	-123.620078843
130	118.457264348	9.53851825984
130	-179.014534696	85.1159631912
130	106.194174236	97.9409111087
130	-124.413463257	-21.4358576267
130	-65.0506083391	83.0984842329
130	163.95498176	162.389386287
131	-30.4016219491	97.9046936387
131	127.804984525	-18.2117972287
131	-81.9999494709	8.62689311437
131	86.3629132511	133.845041712
131	49.4972307804	-110.097599171
131	53.5667749054	-77.7426671393
131	152.718234537	154.138592741
131	63.4921975549	29.4622849403
131	-178.45295612	99.2517227015
131	162.131759213	-6.3685960053
132	125.722954493	173.868032602
132	-86.3697651169	-65.4764253827
132	-59.4705664256	69.3151276788
132	167.436446712	-23.3484316511
132	-133.707765246	-165.149092373
132	-111.176067072	-38.0521324893
132	-63.4779015704	100.677610545
132	135.388213029	-111.135107631
132	88.2348400235	134.405111633
132	29.8160016496	-124.535948151
133	-122.194671867	-33.889378441
133	70.5622179564	45.6966906019
133	172.025699358	69.6415679942
133	159.650537532	144.12637325
133	118.311578252	156.2026109
133	-91.3040541594	61.6096503002
133	-147.83904511	-8.42798924462
133	-161.375355845	-55.896561775
133	-110.685726931	89.5780258039
133	82.5648597844	64.2327985371
134	56.265781557	116.689396539
134	80.5010893749	-153.37350859
134	-147.876730401	92.661807111
134	-72.7261133934	124.441776587
134	52.2058751023	33.3196587126
134	92.5371957805	-131.862031638
134	171.119164203	-96.472277877
134	-107.968906826	-0.877233119997
134	110.881716936	-16.2437042382
134	56.0865714282	167.72675312
135	-162.690437482	-55.6538722993
135	-148.047444941	-47.7374943935
135	-99.9984144233	87.3495796267
135	127.569834737	-169.885914843
135	114.231767801	54.9531506758
135	-121.464823243	-116.69334384
135	138.391190136	-18.1296857568
135	-177.199070974	157.321592748
135	178.68517541	-111.883767022
135	101.270817826	129.11366806
136	59.1783615955	96.969837384
136	-47.1881348183	-92.066356599
136	-81.4236852167	62.8996749419
136	-78.9435280121	-96.3645028503
136	84.5407261499	-110.388565462
136	130.292793085	-159.675543434
136	-127.313613734	-49.1281304371
136	138.920931335	-35.0210491624
136	-46.4172294437	136.519222903
136	104.923502933	-138.608675696
137	64.6326225926	136.502264517
137	-126.976933206	47.1150841865
137	150.887216685	-66.0467286968
137	71.1761362481	-118.014260882
137	107.996961423	-39.949933278
137	81.7810819422	-175.656195153
137	105.739426956	-161.164271443
137	117.472981708	118.80625224
137	-156.498818815	41.1023638655
137	36.1711507004	-115.864307084
138	171.713118327	-90.767719879
138	130.323564769	171.998233468
138	-175.952475531	-166.674459101
138	125.264724199	172.392901527
138	130.688028438	-143.467216637
138	123.728204792	89.5859848718
138	142.981673552	140.21929308
138	65.6396819446	-137.544121373
138	-67.2500820018	-34.1937844587
138	-56.0124371607	-156.51969769
139	-172.245987001	-130.866016531
139	169.536919415	29.3664330462
139	49.4394248822	32.9894727294
139	-136.117726387	-32.201269078
139	81.7788529416	63.0988141934
139	-169.689335641	-58.3058531621
139	-149.207108248	-98.5704126345
139	-158.654470683	-128.920545168
139	176.577444171	61.6287547262
139	43.604341527	35.3678883128
140	-84.8210457423	65.7516365116
140	132.834003175	-58.0927317506
140	122.408435146	-34.1354462533
140	103.068695328	37.1445820674
140	138.502249685	-157.917392192
140	-168.46087819	-140.694604001
140	135.441004764	-44.3066015216
140	119.377422991	16.1966192101
140	70.626534495	-79.5622465157
140	-134.961238478	145.871848902
141	205.312302339	132.64645974
141	39.8670801819	-120.055172008
141	-173.959749012	1.07452904617
141	-137.80480903	-149.192612934
141	81.8193719121	-166.993359817
141	132.081499408	80.6318432915
141	136.888719378	120.098961336
141	157.845526998	69.1264248578
141	-113.221151591	144.079113449
141	-132.640683784	-94.3835668721
142	75.0182390598	-149.832353543
142	-137.632065387	-151.722124127
142	-66.8333253096	-25.4848556549
142	-117.434720767	-131.92793857
142	88.9530643177	91.3927937048
142	127.585882346	-93.3137151153
142	43.1594552999	-118.276203082
142	-108.392812313	35.3937504077
142	83.286578312	-150.941082495
142	112.671040118	91.1503294357
143	-121.839926597	-97.8800400614
143	54.3021940619	-159.511560298
143	-67.1982465918	87.4056262297
143	39.2347074789	-100.993964733
143	-131.549397189	-11.2794001016
143	-125.239175257	-99.9914214439
143	33.9826215151	-143.968729156
143	55.7825632519	63.2537354993
143	-55.8319553648	110.967778429
143	163.154503132	9.286727977
144	-29.1466732184	109.821028469
144	-145.721438593	13.5717038366
144	91.9392656001	52.3625978669
144	-55.4166085502	-31.1601764172
144	-121.398370997	31.7534105068
144	-174.828250602	97.9853518324
144	-127.932185787	89.7882353236
144	166.684784294	-150.819669073
144	121.143027274	-49.5189573722
144	-157.339851673	113.632442589
145	105.776805627	-77.93004654
145	169.399230192	37.7651384837
145	58.7240200334	-103.827365752
145	-114.408815815	71.5499141156
145	131.014977187	76.3849722119
145	-176.918759988	133.591971597
145	-131.669761447	74.0559668508
145	101.197041908	-124.008853247
145	-79.3287394463	-25.5021989208
145	-106.292376346	81.1241927963
146	-52.1628526103	87.4320565001
146	-69.3071486372	-54.5830121814
146	-117.475463873	152.770276749
146	-171.511805547	-49.0388245815
146	123.029946679	-104.543450344
146	69.0997089532	-78.4365969425
146	-90.0298600132	133.837083407
146	-121.348707798	1.08709222103
146	-159.181507706	-86.7662330706
146	-175.016283072	95.9924745272
147	-140.692261056	141.346424415
147	-147.146090111	-125.048892835
147	-133.614881873	-175.141940598
147	-126.944498502	82.1636361037
147	-172.383177888	-121.536936106
147	-48.4287292317	-86.4030836099
147	122.788416015	-143.348935316
147	-135.13016444	-159.456998532
147	-109.983187736	-135.608467051
147	-132.133113949	-162.267649888
148	153.630571586	108.875296978
148	-135.172838622	109.745156457
148	143.934399909	-131.923661941
148	-151.948001812	6.41455653315
148	-153.181507522	-150.085503825
148	-144.171961986	-79.6357355656
148	-38.624048496	-58.7404605129
148	-177.24033822	-25.6597407997
148	76.9249843191	-117.309537526
148	-169.267474964	106.646639883
149	-79.5549603136	86.6379097092
149	114.934915011	36.6473229067
149	-89.7123126999	-117.593436158
149	128.831473358	142.94958032
149	-120.881072205	103.747843913
149	110.098621243	160.21478292
149	172.790192028	102.849948122
149	135.827187618	-99.9597649028
149	-100.935876323	-126.058493143
149	-108.273923709	125.912323585
150	41.8500965806	-79.8700980356
150	-153.6880743	-171.507295428
150	87.6585555577	-178.420972797
150	-99.247128529	50.9567370541
150	-149.788247634	-173.898807903
150	69.7832434335	-71.6744888826
150	-78.6700290092	-141.260829032
150	120.499527641	-30.3776753258
150	-60.670394618	115.074182168
150	-148.025282311	39.423642341
151	108.853076122	-99.7240501052
151	-65.1035042191	77.6224241889
151	-76.5060182448	154.961937359
151	-145.929412638	-145.885480684
151	76.7338349948	-140.106686386
151	64.8948456263	44.2559890875
151	-62.9442972929	61.7563777229
151	-115.097039696	-66.2912066518
151	52.2816785647	-98.4303960274
151	-165.623910167	78.0386591249
152	-59.1385268378	49.0798233797
152	-114.377648879	84.0508016472
152	48.6006028812	89.1554673599
152	-154.09123841	57.3995995557
152	-94.3194278405	-22.7982473215
152	-123.004773713	-1.55976135659
152	178.873442595	-81.3182750067
152	168.190189321	30.6211540241
152	-156.582401165	22.3030712832
152	156.256295916	152.993076898
153	-131.945633885	-125.901047789
153	-54.0283588161	92.9891408299
153	88.5886583852	90.5734669197
153	-103.993055387	126.223645155
153	-141.165301682	118.227797396
153	-62.0459368985	122.458660203
153	-64.0935734574	90.8688073474
153	69.2563397854	103.564893575
153	168.722576046	133.705803196
153	98.8629440304	43.218054328
154	83.4042162787	40.2400832756
154	42.771150297	-147.932038114
154	-92.1158647997	-50.4832501876
154	-163.090751846	74.0518371608
154	-58.7390316015	-41.2026293238
154	-54.7389410514	-24.9315729887
154	-170.736766815	-110.790885742
154	-146.899619088	-63.4193228345
154	-177.665158728	-149.091431804
154	-165.985780244	-60.8000342816
155	-140.830289766	147.215061152
155	140.305583002	62.4496597832
155	161.220208822	-18.2340053673
155	76.7513782712	-84.0703115162
155	-156.975100823	166.123716996
155	124.87567952	-3.34310801433
155	155.807503484	-110.723452921
155	123.960390802	160.869538476
155	-112.922831105	22.6128178437
155	164.811634573	-121.051796155
156	119.221318377	84.0480565187
156	-51.354594043	-91.7371383802
156	165.881211668	13.5842934835
156	-52.3744657544	167.91408751
156	137.743482655	125.591070576
156	-140.249623327	164.206090167
156	74.6157594728	85.5169027653
156	147.921189979	135.045907462
156	-148.019223684	-35.2881101775
156	52.2579612643	-132.260953426
157	-65.0986246861	-91.0283619188
157	-105.745883711	0.595779974245
157	176.899581286	-137.982184202
157	-78.7183331128	-41.7206995049
157	-119.587469198	-129.533698057
157	-166.737378268	44.2013185439
157	-39.7194140229	105.101287093
157	-88.0935368282	-22.3292076074
157	-80.1508185719	-29.1200361332
157	63.8007937063	106.031582779
158	106.172601591	27.5211210766
158	-63.9395256323	79.9956125826
158	101.935524049	29.9820662026
158	55.8665892733	-107.308605818
158	-102.900218903	15.7240841001
158	53.9415816076	-140.815552409
158	-102.046700088	-15.2047275197
158	-154.923115618	-99.708920851
158	69.9590507169	-97.1477404266
158	135.418141911	-155.601234485
159	-145.063436783	-147.819477307
159	-179.882847148	114.18046417
159	72.6502497452	-146.355877998
159	140.185597188	143.571564844
159	-164.599763351	-71.1270248012
159	117.974052044	167.107157665
159	-97.1317699992	-68.8415319512
159	66.4454406141	8.40462364273
159	177.681104535	-130.729452434
159	-68.6738414511	137.348071034
160	67.7863464563	100.603017022
160	126.452390392	31.160696522
160	-70.7352130743	-53.0803140763
160	-98.790243532	-51.6531379966
160	79.9040658791	82.9440163364
160	-62.0918703852	99.112884858
160	152.234394985	63.1643839588
160	126.292086097	-114.853455425
160	86.0989467349	144.863355183
160	73.0410432284	-104.338386683
161	-143.070979102	-166.052713372
161	169.017775285	-114.959192112
161	-145.682653491	-65.8792073846
161	-133.497110313	-133.370926111
161	165.743329065	-63.3641457596
161	-87.0235147791	66.6115327021
161	125.851805245	126.486706088
161	64.1625999166	-156.90891434
161	177.44370314	37.7188960566
161	89.7273806834	69.2896768737
162	163.210897056	54.5539046707
162	101.130079403	-76.9381677422
162	-162.862146422	113.17653971
162	-118.912716839	146.966993561
162	-133.492817605	53.3996232504
162	105.119335627	-71.2689219961
162	-67.6649192017	-17.9089412679
162	22.035703807	-94.2982642784
162	-115.055856236	-19.320375818
162	-179.899829451	83.6685620037
163	-178.510632476	132.520749714
163	71.4770241334	-97.7854426871
163	-123.768227106	155.085414711
163	-65.6462260019	-162.829129652
163	-135.448072559	-48.6856014748
163	-148.013750638	-57.4209240663
163	-173.310060923	-172.349101584
163	148.545010375	120.964965647
163	164.809772101	-178.248610621
163	-84.5148318995	24.9128786614
164	94.5318356981	-137.585288261
164	-66.2490498893	161.727536711
164	-174.435945881	-179.478358288
164	59.0715688516	-133.154098767
164	-80.2809429725	-150.282877691
164	96.7619876894	-96.1476389541
164	-151.333308163	-151.855439401
164	-150.551071481	167.636493641
164	-173.794362895	126.029937163
164	-94.3172656413	110.002898215
165	117.786940608	172.77822453
165	98.9834831451	-62.27499509
165	160.264159453	-128.155665906
165	-167.312265351	103.55013288
165	-122.904434613	164.578097728
165	81.1466029725	-84.1649073619
165	-160.302264275	158.993868633
165	-95.2920043362	150.266278027
165	133.467220545	75.8890905911
165	-32.242490172	136.512136455
166	-29.6830096987	-155.018973121
166	-155.952977539	-103.799944028
166	-152.889834991	-135.99117201
166	80.3653559454	-132.282963692
166	-109.300398029	-90.3753361352
166	-125.224148454	147.097169162
166	53.115394791	-109.071078879
166	-58.6907147862	-100.923893746
166	-157.302465703	130.812867496
166	-109.698045073	18.4078022428
167	-64.7810376142	10.2433665427
167	58.7474680866	-160.557101134
167	153.114432578	1.1535761018
167	-92.2517697793	-32.8088457216
167	-88.9430530287	-155.570190204
167	53.0948974482	-99.3042436421
167	-114.971935483	52.5966547481
167	-135.454871939	-68.8121114027
167	113.138975973	-171.362483522
167	130.200507391	-149.517178771
168	147.92814984	-7.52798160406
168	116.503222067	-124.263907191
168	-177.500806402	42.8289085628
168	114.74407855	34.8514797399
168	-111.192329833	-25.2399870042
168	-47.7703266133	-71.8410392318
168	-109.22179328	88.9201455778
168	133.121810406	-11.3644689975
168	19.0521525642	-101.516434602
168	100.717002563	6.79486091393
169	145.311109851	-150.407828045
169	38.5003918104	-82.3922156907
169	-159.314169349	55.5938028065
169	52.3826709195	-111.094535368
169	-173.70217476	179.239428286
169	-94.2383300875	-116.404108813
169	61.5469112809	103.744359606
169	-53.917907467	-46.7229938477
169	166.151113345	-72.6121081349
169	28.9282563938	-45.0817537613
170	-62.729310163	-84.991162389
170	-85.5414870686	32.896265819
170	151.422481463	-61.7032060867
170	119.363590997	-80.4480780887
170	160.846741948	-116.576497255
170	128.705638368	-170.966461986
170	-97.6818239695	124.143853773
170	55.5873126982	-113.612252019
170	69.0151692733	-119.198476982
170	95.4698886731	107.390462476
171	-262.118527196	136.107480143
171	-166.097544461	128.116480268
171	92.8646771312	12.0305125847
171	-168.61903631	-161.402128508
171	144.535160505	106.735781595
171	68.7599906121	14.8315600937
171	159.733208978	56.924961959
171	-130.133404536	-25.4759666178
171	-90.118444289	155.355295602
171	-101.976431113	173.868098236
172	-133.095348811	42.3138205284
172	95.667984267	83.2227152695
172	144.644797534	137.48392792
172	-115.218143417	17.7011735605
172	137.929538507	8.43038577063
172	-111.490514886	155.365312218
172	172.658128262	146.386006164
172	-154.832961796	7.30053248385
172	137.473127321	97.4822708406
172	-61.9070932887	-126.994627874
173	70.6786138602	-100.666759433
173	177.931676541	-128.221438521
173	-53.0467507429	-98.799160578
173	-105.950356058	52.2114108213
173	117.888646494	-41.9964993765
173	-173.004702139	71.700587178
173	-108.73957518	147.390365562
173	-37.2767365036	-63.6512826263
173	-118.319347764	-69.2072221191
173	88.9632047	-179.439635327
174	-74.0743370125	-21.6926691012
174	-96.8221488245	107.908530687
174	118.708782105	-78.7525616208
174	-151.237587169	84.7777859671
174	-144.96388407	77.8143529946
174	169.47684581	147.778227732
174	-98.7672917702	108.345227282
174	144.58142622	130.584849176
174	-66.5087308065	-148.250709309
174	164.017566524	105.755388722
175	165.506307749	135.83920573
175	-100.411637275	139.630446489
175	-152.778755251	140.103743825
175	153.944721717	-62.5516411746
175	-150.228372623	152.606929353
175	46.8582756045	71.9640837751
175	177.800132594	-20.8173172969
175	-149.424626108	-34.0687713399
175	160.650860132	-156.162538439
175	-142.984692538	-111.784659751
176	92.8372728822	134.58004013
176	99.4973455941	-136.009238916
176	-175.437192615	-37.7155613032
176	104.867721381	133.842796759
176	101.990133141	-156.644668104
176	8.3461550263	-90.6882634413
176	-139.10056611	-152.024613351
176	-118.660902783	86.4538654143
176	69.1189025997	-92.9966223974
176	-168.226137652	-144.304271378
177	32.3681779292	-165.860726661
177	-85.6947922481	107.142412634
177	-95.0434530818	173.228919029
177	-169.923476436	57.6532597644
177	176.694602277	44.1144444718
177	144.33302975	-61.9119162737
177	126.928117541	171.048292992
177	-90.6464194411	153.134881514
177	165.95449485	-16.4969314526
177	-59.8711901927	-91.9849537961
178	76.2601927104	-62.9551581235
178	74.1701945018	-92.768960697
178	129.726727004	-155.666355609
178	173.434316999	134.433117127
178	-143.284596092	-25.7980059993
178	-126.598793927	117.784328813
178	121.67847693	-89.7721954715
178	140.099701865	52.1493820732
178	-38.9045443275	105.404309308
178	-68.4785710393	-60.3833765364
179	10.2096655661	90.1768834604
179	70.5100023177	22.1221127089
179	-68.8204826033	78.0559207139
179	85.0105745462	105.549294417
179	-67.6686615653	157.499083938
179	-87.8761983147	148.097791934
179	85.6834025246	-16.5962132282
179	-129.65308251	139.467041393
179	-87.6221101955	100.217445176
179	78.2007765642	114.875295038
180	166.274814173	143.116657531
180	-139.407288318	-143.485117579
180	-134.611863933	154.638171857
180	111.455481216	19.666027943
180	-49.0251982952	-83.2495448742
180	102.099574382	96.2200460255
180	72.2784099999	39.3572511758
180	-82.4039748784	139.245386545
180	-146.83158827	59.6773894732
180	177.095922773	-65.3740470938
181	-35.2560803187	-91.1649165082
181	169.756919275	135.729013052
181	-77.5641030385	179.743894098
181	-127.069067913	218.840389087
181	-66.3768506851	80.7421749898
181	-179.96968592	-45.860632573
181	-106.778200107	118.29826045
181	-165.654719722	140.863881622
181	-81.1954442112	-148.146644459
181	-113.30140251	44.9052394389
182	118.56780857	97.8389133372
182	117.130067266	64.3798024449
182	128.453937864	94.35597047
182	103.991592782	23.2500140809
182	-93.6679455395	132.180672781
182	125.43517493	-164.046564191
182	-72.2664387741	-122.911575563
182	-154.563717154	-75.1808853939
182	-93.5912086622	-73.1829611458
182	-157.417940987	125.16365866
183	139.662011473	171.462684516
183	-87.1531008457	116.997972011
183	-172.244540498	27.9686142885
183	151.242408514	-78.6485824826
183	-78.5235489617	-46.1961961963
183	106.015372928	-170.740115493
183	-142.295517988	139.373929708
183	144.13827403	-109.707138749
183	148.285140895	65.44458567
183	-131.692501597	-23.9775583142
184	-6.36173529641	175.522073304
184	167.089232828	-91.330500647
184	-86.9302927406	-91.8511012016
184	-72.1438483413	-150.656361853
184	-91.8795120671	152.323040814
184	-106.775852941	-15.4620065034
184	78.7856075713	89.3472790785
184	-69.2222955595	124.806163091
184	-82.9999017232	50.3763454618
184	-86.3096489076	103.069054845
185	-100.859299132	14.8661773779
185	-118.80762407	-148.161638062
185	166.663733778	-153.753449321
185	137.768014961	-135.95844934
185	71.3924075848	109.349023318
185	57.6766509693	-160.384294472
185	-70.8087950726	-39.2891117651
185	174.526236025	-87.4988517959
185	-62.1382231784	-23.4087997156
185	-83.8445392269	109.519684391
186	-36.9315128944	138.969802694
186	-160.701993389	-117.663292826
186	-91.2063489501	-115.84967902
186	58.3893903586	-117.168941691
186	-104.223326685	80.4547328332
186	-76.9136349718	-83.4977279507
186	119.293976183	-20.4999488358
186	-113.90364257	165.419492461
186	-55.3814087757	-47.4729610426
186	-161.059898411	-71.8365436574
187	-178.062574613	165.871094069
187	97.205296357	-68.2939139966
187	-90.1350796813	145.790230922
187	-101.349844331	-155.173829296
187	146.003404331	-41.8973771258
187	-96.5493558559	65.494962103
187	-166.527334552	141.959793218
187	-86.6372247662	72.1856293096
187	-141.330033087	141.391186148
187	107.338245926	50.6253606923
188	102.035484484	-136.268742322
188	-75.1162075665	50.4989205509
188	-66.9152051763	-63.1198673316
188	-155.44064819	-89.4188062286
188	72.722308948	-56.8186100832
188	43.7592713037	70.1366951538
188	-113.172813667	-156.41506572
188	-55.9366985437	83.8174197856
188	-133.247486305	-17.2052203139
188	-65.6537994475	-134.927426072
189	-49.3908779643	-32.9496141178
189	120.868825093	27.859941571
189	91.5944843735	179.003487953
189	-168.727651641	-125.791335879
189	-106.81544566	-147.800767118
189	-44.6975622783	120.558775034
189	159.806023361	-94.704279652
189	104.901970438	96.3311910686
189	119.70295191	53.8119344456
189	-122.945245656	233.666166601
190	150.922012547	75.3797519674
190	-126.606022939	34.5964612962
190	71.6610432074	-151.47686902
190	164.706043013	81.5497476374
190	110.530982604	-134.708329968
190	-75.9677838655	-46.9638570883
190	161.456055044	-131.770221544
190	-34.9602968456	-43.7484977116
190	-149.626649446	-71.1044053516
190	159.569390653	-76.930817209
191	20.3950378726	-51.3099611467
191	28.1216201579	-133.147823641
191	-60.518231883	148.096167067
191	177.396110849	18.9429643718
191	107.103462349	119.986439757
191	-122.251939199	-109.07845119
191	-158.153307709	101.111384251
191	67.157363836	-70.8086458603
191	-90.8202521237	-125.2515553
191	61.8832169088	-105.461579119
192	-88.1526333841	45.1654447526
192	-141.280704856	111.284398794
192	-164.4745004	58.6059384251
192	59.9631014692	30.6117641275
192	-47.2528652766	131.659017487
192	89.5873722301	174.353973627
192	-91.3340743526	118.554355594
192	-114.463779827	-174.886808624
192	-102.024093264	-161.600338201
192	93.6933869039	-42.1632899275
193	97.9556956442	-44.7826658315
193	-140.566560808	163.034613268
193	72.386874052	130.863468395
193	-128.420510051	131.019595507
193	-105.440437583	114.803924883
193	102.821479946	-17.6420131922
193	-82.2139173136	151.241110551
193	118.132054764	-12.4216710575
193	-147.070568078	162.157287959
193	112.083533689	-53.5601405926
194	-110.683370071	-72.2404906945
194	-173.323998744	116.643954536
194	111.9962582	64.9780540501
194	-115.441953146	86.4112026515
194	103.045464041	-2.30615452146
194	-53.0227583928	-73.6566753702
194	177.112031587	57.1193432697
194	105.110056032	-164.276440471
194	117.341675996	-27.8467195886
194	-166.386191043	-121.604265132
195	103.481136326	-90.0576153528
195	-131.995770987	-24.8148267751
195	-66.190328213	134.01587261
195	-98.3210493941	67.9001565831
195	-167.127436872	-142.208539151
195	-60.0846522816	108.371720968
195	100.51168229	167.678147292
195	55.2507490425	106.58468151
195	-160.908035732	58.5364618031
195	95.5482087532	-28.9856282807
196	-87.1873604071	127.775359186
196	-86.504970201	-78.8851530294
196	34.7609138182	38.537052972
196	126.298940775	-167.097484288
196	-133.312551008	111.201073161
196	-132.056164992	-68.9669165301
196	-150.246131038	35.1203115989
196	-136.118920567	140.361592232
196	-126.858422194	28.110092868
196	-150.455593746	73.2887382392
197	-106.948125991	-175.500872744
197	-101.154708555	-100.937358971
197	44.9682111527	-75.8462290035
197	-112.864724104	3.99901472524
197	116.577583172	-43.0169921627
197	-124.083080846	42.167811471
197	129.329081244	178.970621572
197	165.160834544	-88.9708544849
197	89.4398871194	-142.441592709
197	77.2617458001	-12.1202559146
198	49.8565819791	86.9045573483
198	-93.2253158921	-153.615831979
198	-121.76851636	-118.957564437
198	-59.1839153626	71.2706800163
198	-128.412706106	-75.5138921184
198	67.2755133107	-167.507342899
198	119.527041223	-97.7475843254
198	-108.325356253	48.613135583
198	79.6758975914	16.4070079324
198	170.064280661	121.218658828
199	-154.756900351	-111.613444928
199	-170.101289262	14.7922495914
199	-159.052723372	-176.341429996
199	131.300246631	-67.633874076
199	59.7257365968	50.017046311
199	82.3851247851	28.328170759
199	-123.373056387	-11.8559103711
199	-147.659691553	90.9825454082
199	125.092405516	-70.1820012371
199	-111.6683223	-177.006257794
200	103.60879476	-123.455314292
200	139.265039132	63.2712292805
200	66.7935556291	-160.650539952
200	-154.255779255	-53.0703251453
200	-158.170414668	169.34630421
200	-128.967390548	-173.261632607
200	173.033623672	-49.7147971848
200	178.006254609	-108.97181257
200	97.0054517537	71.1894816069
200	-113.123172413	-36.6585996017
