1	139.430756822	98.5801349953
1	180.605130121	172.288363271
1	179.084159882	218.088817185
1	211.610063067	88.8141116587
1	241.342966056	87.8911412054
1	183.547897099	269.467144349
1	175.829596202	192.978288646
1	245.407987215	52.9919820162
1	179.501798485	186.400555015
1	181.671333738	182.359577049
2	253.915476488	230.242564324
2	196.868847691	175.039331459
2	190.570816775	92.7008885924
2	208.12676422	185.18917579
2	186.778515353	234.876105673
2	226.8332374	166.273549092
2	194.496031235	203.138844825
2	213.362106876	164.967856942
2	201.30201411	103.069269109
2	249.906995746	180.0
3	271.404848632	134.121439818
3	238.085969045	264.292406944
3	266.032715062	194.767050353
3	226.343953482	188.119799954
3	187.762034104	55.9788529258
3	190.702706114	236.700689601
3	193.957711125	179.482875758
3	201.572245238	123.449782743
3	243.037340118	245.056366327
3	170.335688637	244.399324055
4	221.815296714	149.380944091
4	237.524096005	276.246599067
4	194.413589907	167.889844612
4	202.824512465	222.072128117
4	193.146766349	149.508960094
4	238.728160068	158.994548521
4	239.457572151	218.700951243
4	210.647086778	140.259384456
4	125.320102385	124.893939261
4	207.091188681	152.1194238
5	204.62082989	217.64683837
5	259.539194702	161.168233896
5	219.887242685	146.45815512
5	189.825693873	240.943456125
5	190.099099844	191.393136719
5	179.116481031	244.797043474
5	244.961629742	176.085451719
5	174.901164705	131.904140454
5	192.756554307	141.898993542
5	218.393720087	366.251982302
6	130.873305064	194.481315256
6	202.889487236	207.284714058
6	209.155329777	200.067053363
6	209.862536411	138.417345821
6	222.429589348	142.444524185
6	196.685418558	133.808767687
6	226.68354914	210.397089854
6	194.077978767	148.737850868
6	180.0	177.769711075
6	269.145679532	199.326532332
7	215.835173872	241.830607499
7	185.284710256	243.618094235
7	173.505363876	180.926657487
7	180.0	78.7602779853
7	217.018693653	246.735304538
7	214.797717472	183.886312526
7	178.391096008	97.2039397817
7	208.709100442	132.307085775
7	177.839894905	74.1572280602
7	219.725887804	205.599672607
8	145.232402749	180.0
8	191.840542314	158.627303237
8	213.535343932	104.29687748
8	187.655898902	188.923645863
8	176.985303634	123.370917276
8	234.506885063	195.471298527
8	205.839160489	158.395307293
8	208.356416707	197.168575419
8	254.778029436	139.177136003
8	245.994693889	139.656653844
9	215.603555384	192.669669543
9	203.849484113	109.984656061
9	246.10124614	213.351636193
9	175.074250421	302.462005564
9	182.589340955	198.56638633
9	187.965025926	236.168195188
9	263.190941904	211.800178741
9	177.554996982	159.809015487
9	170.38634252	237.772778696
9	170.15355875	188.600534429
10	145.905296543	152.124906201
10	180.0	129.39514476
10	195.255128403	243.384902587
10	198.980695448	100.962921921
10	228.734873124	182.866832927
10	168.276042669	112.394126416
10	211.676645211	230.976116874
10	260.296021302	146.492124426
10	197.310875688	157.612954287
10	174.604990485	163.959682531
11	192.537282629	153.871209792
11	206.174058357	181.856875002
11	296.158590728	245.693155565
11	180.0	78.879458408
11	195.982188635	103.888956477
11	234.451836614	350.803370294
11	177.270428981	62.234242864
11	173.390195207	165.601192956
11	220.687150708	180.0
11	185.359305294	180.772684471
12	327.612358339	141.885087665
12	205.218835811	147.838597583
12	177.950226912	177.340520874
12	197.131940909	36.2288403702
12	222.654665771	157.832081063
12	248.356213118	143.095978205
12	290.895544678	202.168337795
12	219.004158429	78.9748070195
12	200.29921521	180.0
12	161.125954099	274.743078844
13	168.570762161	287.786053277
13	180.0	161.580062247
13	299.771022444	163.991551879
13	179.555074844	169.746343684
13	284.014007117	81.0746569237
13	192.767797266	194.843909861
13	216.150701828	197.410035859
13	198.907726737	119.637948442
13	181.255195414	144.754674632
13	177.300875304	151.048791255
14	158.024086947	155.21502462
14	204.592796859	160.915354632
14	179.865019252	97.256131068
14	196.952582412	180.0
14	180.0	219.755611944
14	169.729524007	153.970909155
14	204.38883479	196.667530905
14	219.870534137	204.694635414
14	209.814763428	151.08779709
14	215.484764064	124.635932375
15	221.352958412	235.030534804
15	196.084480455	177.767304005
15	212.143611846	187.182141099
15	180.695018545	144.621761531
15	212.240252897	188.871108393
15	182.098717597	135.770304264
15	209.264567471	235.344082712
15	185.040914241	180.000093215
15	180.0	188.186562926
15	199.86890419	248.180653576
16	167.871062154	142.536188243
16	196.405667505	205.490203347
16	189.148773599	118.418820326
16	207.893428781	176.088658029
16	199.968998098	178.590336883
16	278.909441035	167.092651525
16	250.888640383	179.641352368
16	199.963245898	126.052916217
16	207.966875349	159.84183488
16	259.830651638	191.820331457
17	288.30427094	162.844171966
17	266.975248678	262.266519666
17	172.224797706	164.739510666
17	191.78052924	158.181612298
17	207.373782898	112.09860221
17	184.043741431	194.896839326
17	232.940934111	168.019533201
17	219.334448375	121.271275842
17	186.511805615	171.003359486
17	188.133385246	309.215594756
18	189.072060887	120.261176681
18	242.576972132	63.8967205826
18	178.136619706	260.257004764
18	215.129213718	206.952163666
18	231.825221763	160.267273612
18	195.081659155	314.870394426
18	218.097415178	335.075386463
18	210.061528081	123.392048252
18	180.0	255.662202203
18	203.921295293	202.500819262
19	225.037743277	139.811854346
19	237.089791071	232.429218638
19	183.180441351	166.74525627
19	173.938945064	289.739132907
19	214.768691432	168.627870343
19	207.162663623	171.486338492
19	218.181437125	176.497512021
19	199.880792591	56.3597726667
19	191.339501022	153.363777483
19	186.937564421	206.935292454
20	261.96809352	143.189266449
20	180.658346374	160.675138561
20	203.473484496	153.074528179
20	186.072412789	132.9884481
20	203.760227154	176.034169875
20	177.604667822	157.925840287
20	165.176356819	119.574508036
20	220.904994851	196.041854643
20	225.518988386	114.073496981
20	199.184787939	143.216738451
21	212.866555363	203.394688646
21	200.403868412	157.084654755
21	231.644830327	156.765192329
21	211.694131638	104.69971838
21	197.637028992	189.995264608
21	207.341240914	128.723911361
21	190.161275803	171.148727723
21	177.415989888	263.29077807
21	172.061659018	172.007900142
21	267.628850405	248.343340432
22	232.256057854	148.431718605
22	294.685841837	161.024385375
22	203.321307943	203.336836777
22	218.585529502	95.3656391304
22	180.0	106.520902193
22	171.932039989	121.00878872
22	193.106761562	225.226739775
22	226.3071221	187.036149615
22	226.075697389	115.94484019
22	233.69613622	281.850876321
23	161.441939941	233.629446279
23	191.92338942	191.828597762
23	185.844004355	248.277542648
23	225.87047373	237.618492968
23	179.195141445	159.086488204
23	176.465848076	177.954889377
23	201.084648481	159.724065911
23	170.389304042	279.345631767
23	216.655667309	161.507244087
23	282.690330608	164.349638557
24	212.201342705	148.259724138
24	180.0	237.424737694
24	180.0	190.801326312
24	240.530012817	256.951833323
24	217.265525466	74.3337012589
24	166.440763518	166.586943217
24	183.734889543	165.926035975
24	200.165584596	262.324287939
24	180.0	194.653142678
24	204.901061282	161.334682943
25	170.512597315	178.186164267
25	227.954106693	200.609708974
25	210.504723593	201.080247695
25	181.806088923	126.195935859
25	215.219383028	191.214001635
25	226.34190687	151.891142694
25	178.339779852	-5.84574612909
25	257.276829494	185.707699258
25	201.339403107	265.711462457
25	189.95033479	132.911953709
26	109.612458627	132.370097872
26	197.508091658	168.324959074
26	220.358013427	245.483090116
26	194.969735667	109.832191768
26	190.890724551	185.089579565
26	240.344319826	275.573124403
26	250.726019011	278.986718949
26	196.864390926	235.982933555
26	260.248664161	110.773589538
26	209.009378106	188.59010837
27	148.799296994	220.01564789
27	208.696436923	265.094099331
27	185.464918267	185.648557182
27	234.176952466	254.436616502
27	181.910572204	173.06461378
27	191.158483242	184.044581092
27	203.235006681	316.023856634
27	181.914349004	165.854222126
27	201.322475967	100.105918727
27	201.760824639	194.155054807
28	96.9733903341	181.87312978
28	203.921233548	91.961592325
28	192.233286937	149.779495893
28	243.983986538	169.861829196
28	187.276214923	76.7867384478
28	173.839612621	154.058260679
28	235.470954441	157.421745678
28	173.500957897	177.72995565
28	197.293319567	159.39768836
28	211.605252769	247.865363872
29	181.874191345	181.340159083
29	201.483504477	189.710506604
29	256.300181363	208.219871191
29	184.071805315	230.142799724
29	194.264791509	191.544030203
29	179.784878227	164.615408782
29	239.43610914	159.183924224
29	269.769805793	180.0
29	170.089349141	161.808462421
29	208.015861677	204.664116838
30	182.968692677	173.35234328
30	180.0	146.954528115
30	180.0	222.405888288
30	272.56069197	103.587535581
30	210.85558045	171.391165947
30	203.294945149	137.961398437
30	192.311037582	112.229788219
30	230.726595365	90.7751476911
30	223.393878055	180.177602632
30	271.199596829	269.421343353
31	176.69804039	164.340267658
31	178.329305363	199.071663407
31	180.0	91.4111225599
31	243.414142359	167.414525824
31	283.735095893	113.709957388
31	237.345608638	0.770544400503
31	182.336827057	233.942683929
31	212.152155283	205.112019175
31	228.31896552	74.2579325907
31	174.578555455	160.926845811
32	113.279600647	83.0613411894
32	302.657620518	157.932580445
32	180.0	199.444796847
32	180.0	206.072241577
32	202.974716103	224.270112773
32	193.627961207	134.729029681
32	217.437169914	215.196604939
32	206.776269516	135.867799645
32	274.01065958	58.1073453553
32	249.472855456	84.8629168467
33	288.97881442	159.960607937
33	186.057428499	168.424914898
33	193.170446483	148.832211786
33	253.501373354	157.151807349
33	195.601387913	142.837966897
33	186.902834584	97.8054836588
33	254.998685918	111.11419366
33	213.3602995	214.596045377
33	195.166719161	131.425655109
33	276.223038867	200.511674879
34	256.12668202	186.981277869
34	222.706640523	192.21477065
34	259.138754352	64.8389006678
34	236.149268845	144.302633099
34	192.443643962	119.662719741
34	257.019037739	203.463219918
34	239.657550379	169.184090536
34	190.863843868	206.41921178
34	210.147485732	151.989299536
34	191.691009364	166.494414961
35	144.23380055	66.9655045444
35	224.908906302	180.0
35	200.099164796	208.246314181
35	185.833282	178.758581774
35	182.395299954	178.711707038
35	225.036366027	115.790166897
35	187.039843025	193.78645722
35	304.888313321	90.6094355119
35	215.127477784	217.91423796
35	180.935225433	151.827385607
36	199.680687093	224.425902563
36	213.148295741	215.14889504
36	181.455690877	137.713560134
36	226.899745123	241.336067434
36	177.554976368	160.345957366
36	242.235334165	149.016111922
36	235.959093829	138.33644995
36	201.765860079	56.8991384644
36	227.925973715	163.197577028
36	226.550327635	116.260676821
37	175.114333154	142.477006403
37	199.06690629	192.695681653
37	274.463609818	237.192621909
37	180.0	79.8355802168
37	185.89427786	144.595986839
37	191.026045966	90.7945621719
37	273.292180866	175.308901717
37	207.278480343	212.544892314
37	200.091558464	271.987810769
37	235.84598658	199.312914122
38	197.99296518	193.297644523
38	220.664775164	170.803151143
38	176.330542579	132.0493676
38	201.255379755	291.231034538
38	173.73675784	104.08702371
38	255.049235208	105.937447412
38	194.611749976	149.131698589
38	181.594592228	140.331774706
38	188.080738544	187.366413861
38	189.093243798	169.062810107
39	149.99824953	176.937349367
39	208.35252073	228.055218789
39	262.278682578	180.389302976
39	201.856221589	168.911564635
39	253.16375038	134.923827176
39	204.678197917	206.291790393
39	189.935368085	194.864566866
39	194.137225554	197.039059114
39	214.958008056	64.4843031407
39	274.541575845	139.756565595
40	42.9698106054	124.962293224
40	175.921668605	74.1116654436
40	209.198616191	169.414699526
40	177.300586763	201.354133323
40	174.337461665	246.188500368
40	180.0	202.405171473
40	207.201025676	180.0
40	180.530951896	184.821014857
40	230.894692138	184.380977209
40	198.127297206	153.112286698
41	192.220824422	68.5204253139
41	224.577315598	171.914648047
41	176.236309372	235.118278738
41	202.898802119	145.50347055
41	282.971896679	168.461213316
41	199.691916423	247.139270894
41	301.035510509	106.510485814
41	207.380912448	129.42160401
41	290.843455464	156.09711566
41	231.246928385	159.41119663
42	179.036948466	190.791083864
42	224.744410146	166.46985629
42	183.474013437	153.093102299
42	187.456837232	215.884256089
42	200.957315497	134.29216123
42	195.108292072	158.220272887
42	180.0	221.723755492
42	227.823946136	314.018404634
42	186.072545655	161.793622284
42	175.251278168	186.247806926
43	174.119809952	252.612955816
43	233.828964087	159.717763886
43	165.737272028	192.106769489
43	180.0	142.20703883
43	213.212841522	146.956364605
43	220.752284226	259.625969289
43	218.229342294	25.0238239355
43	177.482577873	97.1133230215
43	171.802018547	180.923394865
43	264.03940635	174.382956915
44	69.5740420081	190.62008905
44	175.648023138	36.0653958518
44	252.388268172	89.3746947732
44	186.504636253	153.167448256
44	180.0	144.133571164
44	199.186992526	173.029544105
44	242.369986391	168.041601087
44	246.003274646	158.234668305
44	258.370201129	129.95712816
44	189.869723415	129.139544706
45	141.306695006	178.322826147
45	205.521120481	221.450940324
45	180.0	137.537238205
45	216.48667173	126.52695633
45	180.651695619	135.632083423
45	252.958667872	175.58612281
45	216.230808286	226.332640148
45	244.485354737	235.504371438
45	186.173498607	177.338952123
45	296.815354235	200.165034977
46	177.503445905	196.677852463
46	211.621362572	132.039299824
46	210.316880413	156.162521658
46	220.477726603	132.243132881
46	219.975573641	189.322599672
46	223.098780843	149.049629863
46	219.488562387	217.409112748
46	230.188289408	111.57075128
46	180.0	191.526959875
46	235.978481788	108.191550707
47	193.649326163	158.18159645
47	171.719488255	182.993368907
47	193.233742593	184.65962326
47	192.097723617	218.499725355
47	210.819659783	165.642700593
47	212.477016766	134.050181654
47	234.759844471	96.8265846251
47	223.567634833	151.081666691
47	252.872346883	20.1082924846
47	171.845190422	188.313513429
48	134.415796048	245.503538772
48	217.579720852	212.720546017
48	185.772007046	175.219186991
48	223.001022316	114.740685445
48	252.36099209	218.096206173
48	231.367426045	237.363335933
48	210.541750159	123.042592109
48	236.424120102	234.802501982
48	180.084762748	195.142205109
48	225.44092238	129.064840753
49	264.388405664	141.251071634
49	200.446783016	159.697544716
49	258.858228577	146.912943916
49	188.884159047	233.038815223
49	247.227954671	207.046612156
49	182.029660517	287.343261555
49	180.0	118.153852235
49	177.956181481	119.843345295
49	192.525501691	243.479790609
49	242.547208547	203.744609227
50	148.095340869	162.554983595
50	210.807337858	211.89212304
50	184.700751586	161.27024274
50	193.437619974	160.399567473
50	258.469986148	205.222135637
50	184.661718451	237.767561106
50	195.191911712	168.041390059
50	197.883540939	138.357425495
50	232.559443423	86.5023709608
50	175.745920659	78.7429987826
51	243.53014232	173.569921188
51	192.705746572	161.238045452
51	227.205046299	131.733391238
51	236.521059767	208.255585892
51	213.33064394	150.169315202
51	188.470226537	164.721756077
51	268.116108667	198.861628195
51	185.807530241	99.8322715904
51	176.591904859	78.1328604177
51	194.871794706	301.647587571
52	176.806633814	125.742970871
52	247.633523453	196.898943589
52	239.414374643	159.601145339
52	217.155080662	124.191061846
52	236.935014639	66.8210762632
52	196.320320059	137.927935597
52	234.440246639	191.136651342
52	257.598706755	137.630082651
52	219.870877651	235.146939238
52	190.246023444	242.668448284
53	165.365504976	244.062445634
53	203.696602462	153.748296873
53	244.022495606	207.620303363
53	215.361164391	257.021355773
53	176.251066388	144.696282313
53	205.378930078	137.038700638
53	193.513176364	113.052575714
53	195.713342378	133.325881066
53	180.0	206.093944273
53	178.612723155	195.360426148
54	244.635414371	186.160852451
54	313.064288689	124.862998879
54	196.023436203	193.964174906
54	168.134673626	149.80612818
54	221.1916714	103.978129242
54	191.10261498	287.347827222
54	184.803735619	92.6096424358
54	257.186721147	71.6282022672
54	264.756196674	174.472684541
54	194.370266825	65.6650934265
55	177.07043091	197.579873139
55	247.627385318	94.6373883812
55	172.971392778	192.91432253
55	181.583960854	177.931745812
55	169.931145972	180.222313318
55	288.313825585	125.6355201
55	226.870427851	193.534943904
55	184.402940088	239.376890539
55	193.921459883	169.319446533
55	176.428829628	119.474548167
56	63.6942300604	204.551811543
56	222.569240391	152.503081087
56	260.364176315	209.921682164
56	234.842855003	184.90250855
56	121.722738793	143.012990516
56	199.135253633	125.101939849
56	236.936055311	191.096436133
56	189.573944718	179.864423658
56	202.417498896	206.312635928
56	200.023010198	173.081892613
57	215.095822794	190.718157011
57	180.005067333	109.986940079
57	231.923268217	183.636553273
57	191.277526578	160.005592028
57	290.646362379	174.361363946
57	181.151289353	185.991690887
57	180.0	212.473359106
57	122.533706505	142.380659797
57	182.213225647	164.725951286
57	183.064654869	221.915497906
58	177.609610434	143.838116132
58	181.541518826	180.0
58	215.710154361	235.790652792
58	247.565506343	218.954739753
58	250.947115773	180.888021098
58	290.459917366	181.66380954
58	183.244055347	179.627273082
58	255.257723512	162.367707618
58	180.0	108.058783396
58	285.708576403	210.867035918
59	90.8069312987	106.308395803
59	276.331992101	184.709953435
59	229.378457243	145.656043877
59	245.655567108	150.29482573
59	197.056109502	194.199781137
59	260.953480586	158.99074967
59	187.396656737	149.434826248
59	242.51296922	121.032891256
59	203.381924998	149.522964423
59	225.535784548	57.7762887954
60	189.283944614	111.352627623
60	242.174566673	188.760741972
60	167.462239187	164.214301718
60	200.697704096	158.459385605
60	241.171673453	225.940089045
60	180.0	186.986291698
60	248.957347879	163.654403562
60	224.787328715	197.605239002
60	283.618462039	225.884168378
60	173.764396484	220.980179376
61	108.153363453	174.556511237
61	188.54288024	185.826182314
61	180.0	136.303030088
61	225.125530914	154.155561375
61	236.34763645	164.800181156
61	243.469795349	153.693599892
61	177.614934845	141.56048273
61	174.091262666	159.42745923
61	231.949687277	159.420643709
61	183.425849075	143.038243928
62	193.227339457	159.971731268
62	203.926210013	142.270696835
62	195.635721024	266.999032966
62	181.852644175	64.0585493566
62	280.137774981	115.264715582
62	213.179880663	198.138206691
62	254.00821451	213.33439441
62	205.109668541	299.006469847
62	280.535934103	133.324335217
62	232.286518828	169.008158927
63	208.36752628	145.208802425
63	195.869281784	210.621689437
63	161.380843656	166.350957046
63	182.465570409	257.766263802
63	197.298153959	279.322308768
63	200.638954407	207.601790783
63	213.770740038	175.986636598
63	190.911356372	239.000772717
63	216.09033227	201.149407273
63	209.563445114	144.423303037
64	165.734201547	79.630114083
64	251.488906725	183.703224168
64	180.501990277	167.626847095
64	209.869939685	187.310373184
64	196.220507341	223.832255797
64	234.405016757	164.618714209
64	189.410031192	183.463485444
64	275.279043707	142.927207823
64	215.146526244	179.270117122
64	186.502374219	89.9007135286
65	110.014655727	159.293636957
65	167.738974508	241.007034376
65	208.024982961	120.019214616
65	235.798567801	177.140565089
65	276.609929972	181.637728924
65	179.559632305	159.117768152
65	184.578471438	223.679857245
65	200.514336198	205.354521243
65	193.153263397	83.5504032957
65	191.823219742	323.829996934
66	226.508063131	158.011142719
66	238.142677205	173.373043506
66	224.71804654	185.454431069
66	206.391308781	227.948691287
66	229.751121844	135.675260874
66	185.411579871	163.953874117
66	250.090038046	149.508497634
66	210.514466479	184.92763948
66	241.8836677	127.569264563
66	267.377706859	220.644306588
67	164.217086314	113.983801894
67	187.882159629	212.560148567
67	221.805023394	184.316358517
67	122.350044009	207.908692521
67	224.180663963	98.9562667688
67	199.08383052	149.763532005
67	255.298228816	156.005673665
67	189.331509389	199.431346173
67	175.723865537	277.718391014
67	192.050151647	182.073859686
68	153.585444683	153.038650987
68	215.10436221	119.879670602
68	189.848464676	167.238324777
68	193.374178984	236.092139293
68	198.765136666	186.85041873
68	205.961861826	82.7079719056
68	248.415076972	213.975215903
68	263.180672759	198.672136277
68	184.61083945	172.064321064
68	191.27716988	131.267598545
69	230.112284091	230.797228013
69	224.053971995	240.320759652
69	180.0	186.287810844
69	198.134779805	181.849621667
69	179.373065729	182.474423647
69	208.682423522	192.466771337
69	226.517371049	239.834935994
69	161.836387561	209.164017405
69	223.819884896	54.7632678716
69	181.436020121	239.686230827
70	156.647784825	180.654269077
70	247.794306298	216.842688063
70	232.842384443	147.832341497
70	183.650442322	191.766170116
70	176.868217583	203.199499301
70	190.665099459	14.3187385443
70	214.408161591	207.459889939
70	206.959971258	281.315266823
70	215.199180482	169.328931844
70	180.467449845	296.907821956
71	223.121237967	155.017060506
71	208.115640642	178.111413424
71	287.317915581	185.889801705
71	249.093345975	247.524790098
71	215.014987107	76.6383091138
71	272.986184554	119.041227443
71	223.08346313	200.816829312
71	177.847953717	212.510744573
71	206.182613914	151.644601952
71	251.77181429	234.716718564
72	152.277578554	243.146363217
72	177.763863626	143.442102575
72	201.719713295	108.537442215
72	179.611618787	192.063993249
72	181.383625799	168.680790772
72	204.623414653	209.928978862
72	231.516456844	246.338243383
72	197.201618657	112.54775494
72	183.908123137	195.443411073
72	276.691280558	111.556515369
73	164.617818656	160.352115889
73	232.563907116	270.865228065
73	248.29449064	162.323840434
73	186.524104928	166.402946241
73	175.42392305	100.317137464
73	183.02482359	197.500498857
73	192.21712857	113.535884738
73	273.481395201	203.609647738
73	248.377199292	111.577774842
73	253.739623762	179.769281675
74	216.76970335	181.742425985
74	265.144994401	169.254918897
74	182.053845126	208.203505008
74	219.823678997	293.914802477
74	194.41470822	263.399143246
74	179.553542563	214.657796999
74	256.970345526	130.186118413
74	178.754746385	43.5126411785
74	240.016183109	160.383731584
74	189.426602204	134.934511239
75	144.561537625	107.652790379
75	191.165316326	166.98642258
75	180.0	179.850048666
75	222.295085855	357.320405278
75	176.971719532	121.205567095
75	252.306131928	137.860785305
75	248.779256647	171.258552533
75	249.475489373	138.357494642
75	221.206173885	169.722373688
75	220.961438722	169.405530047
76	134.47015255	158.172748991
76	183.731550003	94.8759581508
76	175.238437334	151.269137804
76	205.622606417	222.733567466
76	206.666186505	188.310592275
76	181.983425392	208.891230121
76	202.786298328	186.787828026
76	190.709679319	246.951667445
76	240.735141384	213.178057543
76	204.774538094	215.317182342
77	133.272853468	82.4863802779
77	194.1516041	188.511302785
77	232.965234577	71.6253486909
77	181.330083815	195.510446011
77	221.568286362	148.621369535
77	233.478109695	187.449607572
77	219.15145247	115.461117167
77	224.414076629	175.555469921
77	186.592695292	171.018877054
77	194.104899767	299.572586035
78	246.557205502	204.220338064
78	289.19204231	179.857134182
78	278.334883055	128.021231132
78	222.384921476	50.8858343235
78	222.671456767	139.5658817
78	263.075298492	159.159830291
78	208.310624895	101.861734054
78	167.145188668	143.442558239
78	238.821310932	254.588554911
78	216.898918954	121.499019073
79	235.918912809	180.0
79	223.319669948	178.998023003
79	189.019996178	199.981489166
79	197.768068642	241.477081823
79	202.25696657	168.892661042
79	250.421916461	269.06824147
79	217.999323233	260.839088689
79	268.584805458	194.640821969
79	249.427215136	364.905316273
79	258.684388776	112.898776149
80	189.548659338	201.43414846
80	193.366680253	199.650078867
80	187.706006684	240.779394315
80	198.61517078	205.163850138
80	200.989740962	155.412386722
80	210.791083832	124.152474197
80	247.035118753	210.245589705
80	167.035439405	130.133076106
80	180.930183417	164.07656414
80	238.091405855	254.681951878
81	53.0009803446	100.332270714
81	201.50074123	113.86276391
81	193.881409604	160.522011201
81	188.916225191	118.226940253
81	218.016980391	128.291448857
81	215.894174911	180.0
81	220.013488531	201.943844506
81	198.217561453	195.783995496
81	207.33630303	130.378653529
81	239.764868061	187.330675046
82	145.064897939	252.758928521
82	270.912385118	124.835851746
82	188.05716862	262.634469842
82	261.309080082	214.651075123
82	207.741215828	128.858144077
82	176.798786693	135.990358582
82	252.018420549	208.307040539
82	245.616841754	197.187603599
82	220.043842057	207.509915488
82	252.552343163	149.266167377
83	215.845396781	128.400684212
83	221.678623064	217.904717656
83	273.379114362	186.698829046
83	237.05253871	173.619232241
83	228.558119475	177.226090091
83	180.25152991	182.123838927
83	205.85744819	207.111945592
83	187.992595784	158.880785713
83	243.725851402	248.258706445
83	204.124440725	234.878720627
84	193.092916011	130.905839308
84	195.600843774	191.888846538
84	234.192091492	223.490487331
84	183.92200861	152.645629189
84	211.870870771	166.815415377
84	255.315439131	100.421861821
84	273.182455762	180.413983174
84	187.886221408	219.981239638
84	259.333595772	257.236905861
84	171.612274907	103.731674041
85	144.741662177	173.258734237
85	198.352600033	122.129577247
85	183.348586802	87.5192777619
85	245.607731767	156.478449577
85	239.22477704	169.318251288
85	252.923715003	91.3958474596
85	208.850797448	48.2252074939
85	195.473000967	203.115669229
85	234.992398318	162.202038527
85	296.49546926	186.568947188
86	237.147650833	117.387079877
86	201.178792701	173.766161802
86	206.439574767	218.241922397
86	237.228989086	205.758601738
86	208.287712153	138.888658448
86	278.378795212	164.461304737
86	176.358544066	109.366291088
86	219.063686345	199.33670253
86	176.754423479	189.729725007
86	242.963583029	210.816432847
87	198.652844367	145.530503784
87	209.888888244	82.4875587035
87	198.131972522	107.782976962
87	174.316306857	260.808559338
87	237.9591812	188.134672984
87	201.965109465	150.297577653
87	227.941688086	166.499946234
87	194.25374172	164.764073959
87	207.154203235	139.202330898
87	202.859165893	95.9115699238
88	181.222174011	152.246828488
88	182.936861458	231.25491532
88	188.510632474	243.344610725
88	178.233581141	130.452177873
88	275.906729703	88.0567678793
88	199.795512652	182.146531514
88	264.091222919	186.134455752
88	180.0	215.342199642
88	235.9706169	167.623000504
88	189.220569316	129.335286647
89	129.550638735	288.830278456
89	177.902891206	214.802303263
89	182.995045521	160.090334565
89	279.172921528	200.347343214
89	287.802649415	150.845765491
89	225.197247823	140.399053702
89	221.785567359	147.876928603
89	259.753185355	159.878704847
89	229.48931759	131.022486999
89	178.12434837	154.783684149
90	82.3482089218	158.128923742
90	208.790514243	314.741190164
90	209.719271292	317.917527236
90	272.478411309	196.276632542
90	223.247027252	138.936662761
90	227.550658366	201.130898532
90	187.028974466	146.180110221
90	271.792715719	191.688090118
90	176.298564909	85.9456268141
90	253.355441375	202.137682998
91	139.962364682	178.36633143
91	266.122447042	147.219260529
91	234.2078909	156.726798569
91	178.918531324	192.758427932
91	171.742968848	244.039608077
91	194.307008385	157.299273586
91	253.482011035	155.897618691
91	218.833451174	230.573264995
91	178.57381603	185.941137565
91	178.549527002	187.328061489
92	183.158203901	169.643953638
92	203.175077192	234.973188234
92	226.588066119	174.130218227
92	211.490282251	198.122421885
92	213.797639199	170.846191898
92	180.0	175.410727727
92	209.276544713	77.4080310966
92	216.049230977	182.851907952
92	305.234074475	165.622999407
92	186.112501	72.9451487631
93	350.239410027	221.579280038
93	180.0	207.115643434
93	197.926594747	134.349524208
93	184.719935897	141.359082837
93	201.853463839	139.310817985
93	186.449538394	234.778640887
93	178.81963006	140.091484854
93	180.149718197	127.613346594
93	220.078333468	203.556926287
93	216.043736874	176.184458892
94	189.5925538	91.1329672202
94	179.185956722	155.354507821
94	210.933833698	201.470247748
94	214.035022348	206.027975937
94	195.701139727	173.795707475
94	192.056195316	102.639361313
94	212.344502947	210.319065534
94	194.419497332	133.586814855
94	199.528938293	192.073845217
94	174.141794872	282.217873597
95	152.2756039	202.26663324
95	181.581109827	165.545562187
95	175.587110159	137.36411819
95	218.186694501	134.007978382
95	181.292133544	156.075480425
95	222.112219506	190.162964123
95	254.822662447	122.260997907
95	225.596182588	241.964452349
95	206.476144135	237.866261582
95	209.750224591	227.043375632
96	210.455660822	197.694905499
96	184.734345654	159.646907578
96	181.327162349	171.184240994
96	270.796601642	198.704202627
96	209.094981045	148.298256797
96	191.396176035	176.62078087
96	207.767026828	232.093345863
96	190.788957456	274.938239921
96	180.238978997	220.78067781
96	185.163496639	138.106981606
97	87.5666222807	183.171867619
97	185.344459313	184.567771466
97	182.807509733	131.480193838
97	217.95180892	145.130129479
97	184.655499779	153.492384296
97	181.712367003	56.097521363
97	190.265416563	137.751500646
97	255.419138519	154.416828003
97	265.622912693	116.488466933
97	183.576574549	195.360594761
98	167.615251528	150.462006639
98	169.586753251	226.446735847
98	195.918193539	161.069270976
98	227.783552287	174.237862725
98	209.041816814	250.645240345
98	233.657328891	246.323499105
98	195.673880272	197.173574943
98	274.320302478	57.7624881475
98	212.087149891	173.041149578
98	176.41808122	171.602265507
99	151.251919938	172.121108852
99	173.404012287	272.627356539
99	237.129434102	114.568149968
99	204.224099196	115.02656476
99	215.479046276	84.9135487682
99	180.0	194.783696376
99	212.667683127	191.737715221
99	183.389627496	115.502893821
99	180.796883632	220.095672517
99	185.362004868	254.450960017
100	164.928636465	199.152177494
100	266.749887613	213.091639606
100	213.844219992	228.928543257
100	247.141012628	265.858427905
100	195.13604927	162.037768247
100	215.065682012	125.681752708
100	221.865214118	141.087430961
100	181.808078265	115.889919378
100	171.12940688	134.710800738
100	210.683340021	130.255167057
