1	263.012442359	238.344440384
1	239.757502969	236.299263349
1	229.11255628	295.067930927
1	249.842213653	76.2548066679
1	73.2719631129	300.337020743
1	226.013542369	213.693674718
1	67.7510357187	292.375947021
1	104.753419711	124.580111156
1	94.0065096848	255.384344955
1	185.764252857	181.365918388
2	13.0076389432	185.322200627
2	181.596685625	257.998243671
2	128.25272055	176.007563409
2	170.028010263	283.623647004
2	279.751184976	109.357411997
2	148.73121887	198.919651985
2	182.532063935	40.5548141774
2	164.765544964	166.360372923
2	86.0813350819	111.595430504
2	140.987113181	357.169689821
3	427.477223083	153.439969714
3	284.467154195	127.946737006
3	101.585508913	155.952124984
3	246.710924757	186.192440124
3	144.579355847	271.402698491
3	64.1573038808	199.452338003
3	303.127764679	289.173652854
3	251.346760281	190.965266676
3	60.306579559	99.7713422417
3	287.835963474	59.704520865
4	46.8792450778	296.499887336
4	277.932079742	106.733795618
4	247.23740091	11.8067114764
4	278.242249758	72.4921865362
4	298.534741563	180.420692401
4	174.950032321	64.3991177942
4	333.172106207	109.371648468
4	67.3580563894	139.06438606
4	100.776071691	219.760154895
4	164.926471835	316.930728132
5	79.6146872422	266.820097128
5	287.561836569	169.389572675
5	188.487653402	308.38555873
5	75.823473955	46.9753006205
5	215.839265155	183.007076424
5	103.98687508	324.205697147
5	213.864464582	302.91914316
5	243.990154769	112.745592695
5	299.792098275	98.4527332538
5	88.5387615266	286.80180484
6	335.512467555	51.4179274077
6	202.794077077	80.3230360814
6	200.81863741	73.140170326
6	263.686079289	267.39042072
6	317.030770876	116.041001928
6	75.3043606109	250.729828157
6	171.930260914	175.562086025
6	175.605381467	22.3255062479
6	208.799053163	262.194321037
6	123.220004413	493.726427119
7	125.349500218	77.6493988056
7	201.447459393	309.228832564
7	81.8937563781	561.707341716
7	267.946248138	-17.9118395132
7	70.8188656306	59.1682667331
7	288.162325941	109.422219816
7	96.7890843447	-37.4483468075
7	163.673620829	189.892302984
7	141.252038742	119.686886045
7	285.404607166	256.209449384
8	191.914224386	130.590251467
8	228.038585003	8.76540497457
8	251.919911685	342.091383981
8	141.794726778	276.897263806
8	235.612642728	217.122986435
8	190.612948731	69.6288722773
8	221.330364656	183.015462729
8	59.929160577	236.64811516
8	284.554191076	166.229305746
8	169.223539585	173.787996914
9	15.7888495082	238.242183278
9	43.0117228943	223.107930794
9	272.690948723	117.504188921
9	250.74725848	58.66867431
9	201.416165034	153.629735803
9	276.19266869	166.435617211
9	252.084876674	133.159820107
9	119.007259692	209.150760515
9	144.968973011	168.426529351
9	121.697371386	337.500984892
10	163.223152954	87.8206919505
10	85.6035617976	168.30730366
10	68.8484820994	230.168231927
10	283.228130994	259.635767519
10	260.505957223	226.865543985
10	183.259134792	321.394862822
10	128.05154724	65.4833691391
10	161.631780484	297.49493102
10	266.873467311	209.591416366
10	45.2262278711	170.845576391
11	192.510186941	11.2917584903
11	172.181956121	195.697635741
11	228.137414838	116.948539541
11	80.4895846084	281.612409889
11	124.845398138	-7.09686930156
11	158.714315464	163.558830559
11	180.088767129	205.796884927
11	72.6108434714	17.9479349182
11	142.112386879	586.030025026
11	148.616472979	157.176073918
12	193.050650095	155.615944755
12	164.652956024	303.770595947
12	116.55286645	121.244277636
12	208.564581571	30.7963187225
12	106.98562619	285.155256191
12	427.997774092	262.873422585
12	273.502332683	123.549789957
12	82.4690914348	232.238483891
12	74.6657884497	141.669566151
12	256.927903181	228.300527753
13	306.003784638	174.243564084
13	160.911354108	349.589040287
13	135.569349391	105.392361468
13	72.331538821	241.593488145
13	181.714320527	267.424203035
13	318.236982736	140.937588988
13	95.5192947884	-42.5792624337
13	316.469782958	107.831003372
13	112.97317383	125.489466352
13	175.389389775	326.341284487
14	149.353834363	471.315300022
14	147.27359375	38.4365895257
14	266.726557063	429.074621625
14	108.290249706	289.912729874
14	273.180984868	173.703566837
14	218.717729113	144.121301775
14	321.916009817	279.126244831
14	122.760072974	228.006539773
14	214.259954835	220.879633481
14	129.622667807	138.072497636
15	231.415243697	-3.02789364708
15	185.783698583	231.959252372
15	230.970677768	130.471096989
15	241.552437983	178.316532548
15	245.991450809	-53.6311274167
15	63.6894609222	206.247371506
15	283.306036716	198.86844787
15	132.533554078	172.755833325
15	221.605502162	120.07707965
15	172.713566761	209.720458026
16	-54.9261792054	94.7336798507
16	268.107397072	339.447288316
16	174.734913217	97.9036098959
16	135.396949537	330.414666981
16	121.650896618	129.651717005
16	184.13410238	64.1671091772
16	244.247604415	533.877977534
16	251.254234754	123.814349504
16	219.66678973	219.084427965
16	124.94767866	187.287780588
17	320.783768934	359.833733236
17	319.018956567	81.2300818404
17	138.454969981	279.009628699
17	212.839536042	299.508077803
17	163.71848255	255.137885779
17	142.09608999	-11.1404643269
17	270.155443231	26.5161618569
17	145.879977673	165.695390212
17	120.127630624	44.0485299401
17	294.274912538	215.293376495
18	461.894939718	290.212455614
18	87.6872363211	419.04894749
18	97.0009089584	118.669217662
18	136.95304631	206.635442202
18	139.191975339	295.890299147
18	284.245358042	143.336550412
18	126.172309487	104.599984088
18	94.8518301355	289.976538312
18	242.518790129	211.926358226
18	209.786266397	125.326886585
19	116.584712162	175.895879363
19	260.53851172	296.235429303
19	285.859206939	306.164292301
19	122.355466867	276.316427266
19	284.464391759	158.766096638
19	246.641226743	262.049980617
19	67.7012220197	34.7486476556
19	292.992861944	128.989572726
19	258.6164049	160.954635258
19	179.013033174	239.530386895
20	174.354613026	193.354953113
20	182.765959345	438.780001035
20	248.243199811	103.895074092
20	175.293505252	147.803733016
20	241.498958671	169.717108815
20	170.109180823	86.3414390464
20	149.176346846	307.575931314
20	132.616797365	23.8948781978
20	299.114504712	186.732248614
20	115.822666984	154.874012382
21	220.673971046	280.217737719
21	105.481780748	210.879740962
21	322.155493365	130.573083667
21	188.68787764	103.852089291
21	262.881123688	167.291315715
21	175.942969111	175.25086344
21	239.442254436	163.300621187
21	198.806789183	168.847051141
21	278.460109458	86.7778598858
21	296.178658362	257.304428274
22	144.092184066	272.994993148
22	81.4439524122	87.1061549733
22	100.384202788	-9.23054115967
22	233.009484246	35.5304678758
22	136.540563236	-34.2672936138
22	139.541087281	182.412065135
22	157.283795129	274.436363861
22	238.667648078	299.854164249
22	166.078888804	244.561671061
22	178.783147672	-86.7631187849
23	192.36069493	174.967077925
23	210.263180983	366.967379378
23	48.4446549815	81.5338391528
23	120.910106969	139.404447671
23	174.42924225	95.5420928227
23	209.795747685	182.22557139
23	161.411380317	132.298939911
23	217.291289323	175.899200233
23	206.418391841	-17.3954068966
23	99.2004918204	120.734867507
24	96.8368525495	284.362540568
24	237.709048714	187.228516279
24	87.5132193324	180.322791861
24	110.115289262	187.352680922
24	188.073950118	209.340395165
24	88.8993309391	71.4532083904
24	166.28767863	-19.6907337609
24	168.486529794	237.462504912
24	53.1802982274	178.326033699
24	262.374240278	371.562270186
25	262.974908508	241.904649512
25	248.535287964	305.892914633
25	163.502153942	114.095006013
25	132.094302424	230.446959655
25	202.97573877	172.587351786
25	85.2332183234	-18.8360290417
25	-5.51826726377	91.4128357086
25	135.433928711	203.952163191
25	158.363873318	277.388630296
25	68.3700805909	151.523029935
26	30.2606521957	193.64976665
26	148.35633663	352.160414274
26	73.5355598857	188.514059148
26	125.361594117	166.032755241
26	171.816975341	140.166403839
26	305.026705046	293.892473072
26	250.214338599	187.423271888
26	255.845983252	279.964765937
26	113.556154209	145.017020394
26	41.1724383013	312.935704697
27	165.265419186	80.8119244276
27	243.351828131	145.883327415
27	127.898102798	225.681328621
27	210.147519085	91.2825293532
27	284.465128019	480.583116232
27	120.681528861	103.150937199
27	282.570781068	115.258673473
27	86.2629561036	143.83269552
27	249.884156341	329.60360219
27	294.099091441	350.71280983
28	191.56203407	532.08548647
28	92.8589741379	131.289326988
28	209.953737739	224.988575708
28	322.178723583	103.822407243
28	232.244202578	33.1008127122
28	254.491927587	27.1229125977
28	228.56938361	30.7966572349
28	156.365651863	82.9519536686
28	108.818466319	53.5726408335
28	88.2068155149	-72.1964187555
29	232.1942287	163.815418951
29	153.897127209	502.758463866
29	235.260085717	191.513135363
29	142.750309208	193.734002323
29	189.549815583	75.2941183656
29	94.9776229071	130.71735043
29	136.38564556	119.06571434
29	62.3475148081	202.706260715
29	168.181397802	143.138370831
29	128.453932738	199.6360722
30	175.474778412	246.572824557
30	179.551994253	162.330886276
30	108.108682716	89.4727209233
30	240.343092509	-26.7123588263
30	155.27948373	83.1573196308
30	170.69588353	23.311041426
30	273.933314416	145.812164095
30	170.038171536	175.656180204
30	92.6178802531	295.322370434
30	289.468083513	256.073389711
31	412.901617312	49.1735807695
31	281.622172272	348.84056119
31	141.983818875	74.2265165271
31	161.283757401	168.161881152
31	256.221994109	6.74054696111
31	219.513231805	204.881752245
31	224.233125917	234.942433563
31	63.7206260026	290.6960056
31	118.094307367	275.435289575
31	255.915523563	-4.41470983184
32	97.6142894503	235.369675733
32	258.239697799	110.17892191
32	81.1679436074	173.833237772
32	150.836959982	223.076038736
32	273.066779208	44.2993691877
32	31.9731575066	217.606528573
32	234.373040044	433.461442994
32	208.769831838	144.963831151
32	118.520007892	221.916033533
32	99.8226618378	310.660915257
33	162.674669591	70.608410726
33	285.284301562	78.9217257749
33	91.8302704963	355.975825074
33	217.152449475	159.518129067
33	118.316847356	161.268312946
33	108.360770999	106.881924719
33	57.0700030859	277.052088232
33	120.338550597	363.168616817
33	199.101418302	327.27864243
33	111.006803348	201.734231174
34	306.98187638	292.720428414
34	250.836572681	328.272631146
34	187.48603965	228.997861173
34	132.498663113	331.196957551
34	108.735766666	-192.634469051
34	162.994893706	1.39373359762
34	273.698095576	441.776752341
34	139.176932764	-53.4885303704
34	179.586671362	223.817601468
34	78.6433316434	160.411418853
35	168.62830513	281.548239578
35	89.1737615381	290.876470233
35	94.2697160915	138.78950056
35	121.540347892	351.038439483
35	86.5411620349	240.422106659
35	300.740817879	132.791409084
35	66.8992128441	247.816208997
35	182.225924514	249.443121435
35	230.47612849	89.2178412286
35	137.212968329	261.876436233
36	40.3137544659	83.8376498614
36	90.4629938349	160.385676967
36	224.671390972	245.464460413
36	267.538568086	386.906703278
36	119.273436336	-50.7930808147
36	233.225060544	110.948557412
36	305.03622155	86.5530885049
36	96.6928746213	147.642846581
36	150.917854325	123.450702566
36	195.224901608	117.513440784
37	-34.3451527395	283.374313615
37	153.604699545	323.514219956
37	36.5167489675	213.94940008
37	65.1285511029	51.2716501843
37	126.223005669	32.712214589
37	55.8671599385	213.676500714
37	160.77950734	62.6263992215
37	322.784180748	123.813842753
37	308.646133712	93.3672028195
37	339.55360782	131.90550419
38	464.404815715	476.302453863
38	254.947206388	149.665107243
38	165.685375845	227.759307135
38	231.20030623	174.517694503
38	124.300848928	298.529336381
38	97.0529436353	58.7500185786
38	144.690879279	219.423294132
38	186.32195631	197.546232668
38	209.156984546	75.4172625537
38	268.932600717	88.3127665191
39	234.394142126	371.374112991
39	154.554817255	168.35982651
39	163.910236568	413.991664618
39	207.496549666	275.239913039
39	158.34820445	124.635847034
39	258.900279065	60.0583171781
39	48.4255967268	235.7884012
39	211.995048328	63.5029091593
39	246.756977927	124.430175125
39	103.569403961	323.803261771
40	58.2581061764	170.107026997
40	109.731222815	285.998748173
40	174.861522345	251.991693702
40	167.603970189	85.1510074152
40	248.13281668	133.842576997
40	311.290405356	110.83825491
40	151.89001039	103.12759666
40	144.540823106	427.947524623
40	289.926139764	165.684364561
40	236.894561466	177.910694568
41	196.715390083	169.279734729
41	106.740922297	118.948168453
41	121.46320764	220.331592479
41	259.287750143	44.8382010209
41	185.232817806	138.121238422
41	231.609746516	17.4221539903
41	56.5181096798	204.922672995
41	270.099769934	387.538957305
41	188.091953854	64.0773563495
41	208.570467224	-27.6410526118
42	354.009380929	113.806794809
42	163.583134565	46.730646318
42	239.467621844	113.588339137
42	184.117210762	59.4079666268
42	136.433379158	-7.8072349908
42	154.386260587	131.566735205
42	130.79654687	293.648681118
42	104.846643023	81.4917305885
42	285.736904937	121.383136685
42	193.677446379	152.687150816
43	305.955152985	158.377291279
43	199.763040689	220.083069812
43	235.100297264	198.083032093
43	209.395747325	241.768322896
43	242.409718167	-70.4569893274
43	218.160525973	312.354667798
43	283.124269828	-25.200797056
43	251.767056088	80.2050792442
43	133.7165229	193.457918262
43	215.133415951	278.021248455
44	176.331072054	107.629407807
44	93.3682964103	210.554100268
44	82.0015911578	400.578148767
44	242.515546395	168.683791355
44	251.734343995	82.9986686897
44	113.965403831	444.520328382
44	68.5999826642	284.528872549
44	136.060075044	198.621101479
44	287.951598963	56.733290988
44	255.598479585	328.203469795
45	168.389705467	427.65644047
45	287.807712608	279.224642784
45	154.183595056	64.1114818852
45	154.359407796	92.5474169045
45	62.574935475	213.621246625
45	69.1882198009	309.083050314
45	169.560125987	244.328212408
45	202.22379023	280.224705732
45	48.1876041535	45.344439113
45	224.905239099	36.1935192179
46	265.606256402	10.6378379207
46	174.540368264	82.0089053585
46	264.33128138	299.371499098
46	178.046087277	312.976760502
46	278.570938956	79.7799041212
46	113.57880562	241.877397082
46	180.067153163	377.4389857
46	77.5995867782	75.4668199109
46	109.563181287	253.2217509
46	190.322690357	-103.14090079
47	18.722439911	-37.438200691
47	178.900678813	224.667197268
47	285.251057701	360.749867724
47	242.405824801	342.352773191
47	86.7133883713	313.59797538
47	201.590358481	168.30953009
47	46.3565270519	49.0234470651
47	198.481288358	5.18567475559
47	304.125006599	127.520199324
47	261.046339829	163.282312703
48	570.977123881	142.195572292
48	251.025032865	123.257772919
48	306.302518678	165.78113617
48	121.006494454	234.933913084
48	199.393759067	304.619269281
48	189.035891327	240.648608703
48	184.856852019	118.071944583
48	82.3582471695	41.2042063361
48	157.953218628	126.720144565
48	254.34885987	156.557401016
49	-49.6618221328	135.004529482
49	313.547110915	148.368011552
49	258.067478761	376.702960828
49	94.4882783317	4.80481101615
49	265.690505632	57.1951623202
49	164.854814173	115.135533867
49	161.042617784	130.248100077
49	75.5763668282	168.503609926
49	268.976254975	116.879521525
49	264.592549552	318.270674282
50	-111.099911421	85.594911524
50	92.1172236432	-24.5000530291
50	246.125163647	224.87919224
50	279.581479857	186.719835903
50	327.255958097	112.805536046
50	174.567991294	25.0167017128
50	285.163427111	299.882155773
50	277.855404294	22.2743854461
50	205.19357078	354.360106308
50	215.290188434	237.878454317
51	308.425864271	136.849209757
51	117.35106795	87.8397731013
51	76.4618495235	262.815786001
51	123.424258836	103.479643636
51	254.36234495	103.569000208
51	250.538269579	206.587751667
51	96.7501222644	259.310611074
51	81.4227214142	284.890985642
51	297.611466861	187.521237216
51	304.265169829	56.9806392401
52	174.134107948	88.6886495278
52	130.87804028	234.630330418
52	138.901050469	181.534705026
52	298.124349729	168.872209593
52	228.675949524	172.972255762
52	119.204299274	421.254949768
52	35.2135891729	58.7945493199
52	51.8278577183	268.028822726
52	125.633775258	139.115157366
52	266.9725556	151.627389648
53	224.164853001	204.813011386
53	260.882360345	1.47710643539
53	304.811352021	135.358041108
53	105.966516769	237.872535866
53	283.978647279	245.658843723
53	251.819435327	20.0605282816
53	130.251056496	83.0439053856
53	229.981827723	31.4726638648
53	65.1806482102	189.426457682
53	44.5459186259	239.756591225
54	256.684828918	263.00503967
54	244.85617751	181.523174774
54	266.287833007	146.234023515
54	266.808855856	170.496889371
54	194.531025039	303.123114231
54	163.253748842	183.103731128
54	270.127477534	-51.9655720189
54	262.338852786	306.60970399
54	148.552918291	64.7963489159
54	69.6539246456	88.7265879599
55	262.873470932	35.8328320543
55	263.673108562	271.748690791
55	257.063910709	217.900597822
55	85.1075292291	41.1466808087
55	110.015374087	39.773421542
55	118.726827951	191.723001819
55	196.735632286	347.487899132
55	168.051872226	112.444883922
55	120.194064707	143.600248281
55	57.1013408155	101.013096198
56	319.204684324	-6.81221556938
56	107.044226684	-59.5770223609
56	96.5063892777	116.536261499
56	109.315186566	260.625476165
56	135.074124518	428.248694052
56	44.4787072696	298.087009912
56	119.855243188	179.275129179
56	246.945676048	170.281945233
56	322.639733644	108.667801643
56	283.030391658	274.263189104
57	150.812757598	108.428813993
57	256.496166427	-121.349320803
57	182.139009309	154.767678354
57	183.991228102	201.240011157
57	377.579687276	-86.5521308666
57	91.4854339698	214.744652181
57	214.051510899	-16.4547248058
57	226.625993806	42.4796781693
57	194.325487846	184.006892469
57	137.203226704	209.392373728
58	377.711544124	410.065270774
58	80.5646643606	232.176462056
58	317.595429698	120.463576262
58	76.0627697005	247.345171302
58	59.9696258439	45.452471721
58	75.9861428188	270.760928568
58	107.307149771	245.335497327
58	88.6051690304	181.150655991
58	97.7769444352	316.506193564
58	163.838667028	481.098202371
59	175.589247084	127.394410725
59	66.9164220935	229.140062076
59	227.76719134	25.7953626571
59	181.69517049	333.721351443
59	286.386837192	117.999326214
59	273.816608109	90.6006180658
59	153.204314103	182.88206966
59	231.204221127	367.630548831
59	224.138548538	141.489745388
59	36.3075639948	212.030873669
60	370.164192111	66.117635801
60	173.155346548	54.1441289603
60	201.850746301	85.3550153529
60	191.054005064	102.563318665
60	205.839916408	196.511780268
60	205.511023846	355.070032387
60	144.059958982	184.556946171
60	96.8067806637	199.572889444
60	59.5524502553	279.592208842
60	255.825021681	175.1342145
61	216.98978542	45.3247244009
61	211.511684407	237.456927615
61	234.710133127	180.309973234
61	267.225289011	177.897953327
61	59.0198661546	245.420214764
61	214.584114311	474.77128054
61	204.86559969	229.955173574
61	259.427759421	206.108340982
61	245.90218969	10.9764459999
61	101.055812893	168.198924783
62	174.712658022	171.853207075
62	215.416380109	147.210264855
62	207.887371669	75.2683217426
62	291.850834041	333.047243228
62	63.4565378985	465.535140841
62	55.3349226482	242.116339358
62	257.595972809	369.221079557
62	117.757607836	145.700637259
62	243.119740845	242.139172442
62	264.220716795	378.575517622
63	259.841136252	89.5323968036
63	125.747539105	211.110282203
63	203.94140628	198.417873714
63	205.875614178	93.40275884
63	280.679594613	-278.392043618
63	180.78817206	411.188976059
63	253.597014722	79.4412095238
63	203.18688416	250.067985996
63	78.3656005538	265.644541095
63	276.171244005	334.286414133
64	231.338080873	159.645559135
64	191.376320647	243.202480305
64	73.7766471872	273.480908195
64	57.1218020659	72.5277225138
64	57.5864262259	190.677017453
64	132.317789913	113.630880443
64	281.761751379	94.8151640494
64	98.7516851554	209.586103592
64	299.021506155	271.474612831
64	305.725446138	160.061196266
65	155.075704857	311.498793985
65	299.121645699	-172.209248814
65	134.019944193	295.046278761
65	278.000167117	258.306223423
65	120.325101451	263.34113332
65	272.14988719	221.763685202
65	122.144896393	229.162141656
65	258.038757727	41.8179000875
65	197.879036543	224.959460923
65	237.042318154	0.450612842308
66	54.3035291673	277.33015668
66	43.7330792654	61.271219259
66	27.2906398524	241.309396355
66	288.688907233	75.4484316024
66	175.33783872	251.246252854
66	155.169779459	193.638936397
66	261.204796446	83.9406191093
66	215.419339426	78.3727325063
66	142.64959671	253.843426046
66	133.327576499	49.4581637692
67	295.340047981	181.495056051
67	95.8980210852	104.246615678
67	105.773742323	190.365073936
67	249.33590486	-11.3580074933
67	227.436152913	169.787356157
67	82.3679459738	221.487470336
67	136.450080056	-112.61865803
67	159.621564467	-169.09516593
67	169.056781075	159.340067891
67	268.191602816	78.5181058794
68	276.165963403	431.03438314
68	261.112549339	182.805358077
68	82.1338294911	368.445449469
68	186.549907858	276.185331968
68	140.645862359	342.753932683
68	102.691249122	115.125252198
68	140.585270571	196.741628904
68	311.974301261	146.311661722
68	54.326401595	266.455572356
68	171.055906506	105.089881659
69	28.9262846948	403.409919786
69	262.66879399	104.139386015
69	103.607446204	129.968859042
69	70.6251498011	311.779686515
69	272.242594247	336.372170041
69	227.445146445	297.685421275
69	127.88713469	377.019323652
69	102.072255482	145.364933654
69	284.935418897	313.232146508
69	248.178596307	321.131698692
70	181.014195254	28.6559708351
70	204.3987114	402.260649559
70	162.346696523	230.391989427
70	289.663206643	58.7427317179
70	264.842544788	-105.337669472
70	301.520989471	299.552086825
70	443.252110766	273.973303447
70	57.4701721622	111.65820513
70	235.056862739	104.6400982
70	53.8270610658	92.4315224346
71	325.889919592	108.531625229
71	99.3142043407	218.204473624
71	200.872551395	145.291344232
71	298.794275528	96.7405678963
71	183.074594834	227.314535709
71	298.923930401	86.6194219442
71	165.060109919	139.445315797
71	213.020285129	22.7192595762
71	296.758162661	202.146965548
71	94.9500412673	44.3397969799
72	232.278846513	149.552723515
72	152.169287089	-13.4275855687
72	249.079279689	99.5403468183
72	146.270904892	208.68327553
72	148.736448279	190.096448271
72	327.382927761	130.717924307
72	284.873484024	176.322613733
72	144.458617379	286.286380859
72	248.570213694	208.836032171
72	62.9294351969	67.7089842195
73	133.710569798	-34.2709605856
73	323.920740319	-61.4092493098
73	70.4937727211	199.179619697
73	239.115744107	76.700876562
73	68.314606011	165.376108976
73	108.454809321	234.43325554
73	97.9928557777	139.973275249
73	179.713746488	-30.7733745953
73	44.4810056707	48.8894072255
73	121.382122494	305.914385498
74	425.740580838	105.962597241
74	179.344987375	278.253726972
74	288.608675836	223.891905649
74	181.798897216	251.421847057
74	243.777157245	194.524178602
74	229.974963471	126.516752525
74	283.751473501	90.6971741884
74	19.673259146	73.9568597247
74	260.179593263	182.316159835
74	101.96333383	110.330004752
75	20.9458072299	87.8101410855
75	163.15968054	211.317690197
75	277.28159629	353.372054075
75	69.8407675308	265.547122244
75	52.9496417235	211.451197592
75	76.5053269251	129.090901363
75	162.000612408	256.13299027
75	129.234809955	158.453213044
75	244.2782844	210.102552467
75	33.5482728072	154.073036017
76	59.6957828244	272.7400964
76	115.407323894	289.157968877
76	261.177569751	178.681265574
76	240.475693279	334.120606979
76	249.013159207	182.739941202
76	210.85496588	100.987429308
76	230.030237113	363.431263296
76	117.091164541	74.939800488
76	268.980874124	201.299241374
76	240.752417535	103.683766892
77	125.386109827	181.011247909
77	230.861781828	117.959859148
77	176.525248471	387.711398385
77	136.518759135	256.744932717
77	79.9535551288	93.3148970567
77	69.3960243398	54.3947172389
77	280.610844635	119.825669327
77	97.7631713673	-56.401303677
77	294.277583341	307.309476417
77	270.694897924	319.008535769
78	193.551851358	54.5755217098
78	177.290514408	143.178093278
78	265.314888171	165.454486595
78	262.560537953	255.164620548
78	444.617996574	55.736216938
78	109.13583508	167.913317477
78	160.996814236	116.713179331
78	240.615999536	240.582017846
78	255.974056557	196.84331429
78	84.5527069839	150.254151865
79	150.736765476	420.319398651
79	249.347311174	246.483423703
79	70.0112538473	237.056756706
79	291.519661066	281.141473207
79	34.6178058473	263.742070229
79	270.669675256	45.7516636884
79	44.0898781009	58.78642024
79	256.487320541	175.014747119
79	250.900705099	42.3123305519
79	131.809798659	33.7920055077
80	-33.8994386122	317.306151094
80	192.21237343	234.67062077
80	223.837998615	306.583902391
80	297.92603592	138.459836341
80	122.646861633	167.488413148
80	150.053874483	115.461844873
80	100.298201754	-12.1424899808
80	32.3925517156	216.426516012
80	178.936815055	-63.3285162208
80	159.867244743	168.808041424
81	227.998166739	356.980687541
81	226.219357912	286.81081677
81	202.126790259	163.323675009
81	215.024742994	284.705198269
81	135.045283122	19.670124653
81	86.5216997402	271.199841741
81	110.046115697	172.696836771
81	271.761411369	121.804978212
81	80.5428582803	-34.5247964867
81	260.152405947	62.0622052617
82	445.225255734	192.553661006
82	188.237691235	233.951546461
82	268.740279848	61.8150972981
82	245.333635524	207.690992685
82	221.619309137	240.691445576
82	190.827011016	243.789386764
82	83.0731094702	196.266348126
82	74.8160730336	245.698289684
82	142.178968997	322.419103289
82	115.679625726	429.919097339
83	279.034035291	68.7666735918
83	93.0798970817	42.5697610132
83	174.598887226	309.771545027
83	223.538346304	71.3590455449
83	115.233214184	170.891404053
83	141.608599766	145.541799752
83	93.9746782583	102.563961669
83	283.192849557	316.100477048
83	110.496636285	354.289663393
83	211.712409974	172.095802195
84	278.338103028	195.27854319
84	255.032391927	115.952900458
84	202.958181398	5.82470653543
84	261.369347229	106.615614623
84	140.443431348	153.311388819
84	155.950342798	176.590152896
84	105.961937442	341.099469009
84	147.905647415	119.846780937
84	108.71282336	271.764799482
84	300.027614979	148.731724249
85	224.563019311	56.8222489988
85	241.014276323	190.725910437
85	130.983686375	-38.5832315199
85	230.904607263	-40.3754940309
85	251.100817062	306.126728713
85	122.286707541	168.674098105
85	252.165486992	248.073260158
85	208.27561804	121.510434276
85	114.561657447	171.117436236
85	128.791254109	120.418144444
86	238.456716343	120.794387877
86	250.57091844	438.573428854
86	153.905920171	99.5831729031
86	274.832676865	117.301127291
86	99.397153964	-38.8650108078
86	280.906342514	65.0054622393
86	116.445312562	30.8761008168
86	163.777475739	126.273620416
86	244.123050614	309.995791503
86	208.749098297	295.166056137
87	260.114106238	-180.021193973
87	293.907447343	81.7674216764
87	214.561356162	352.402423748
87	161.993019401	253.993889985
87	64.8357439314	268.146063368
87	107.299870452	263.497726212
87	83.7591190688	396.209303788
87	318.50516745	279.658948352
87	150.852134033	329.346621016
87	55.5023985097	486.175839727
88	213.205991055	115.680115691
88	214.005620418	205.977369778
88	282.317405002	144.883337085
88	199.45032146	130.325511272
88	57.3652105166	219.136501425
88	143.252755195	221.037448499
88	84.117300144	196.022154676
88	84.9971744355	165.53691152
88	161.370545424	297.005708476
88	296.160837671	107.151948902
89	85.5547662127	206.499324078
89	57.2187766854	231.007686456
89	96.2306627408	109.823008846
89	195.130481185	-114.777837945
89	249.258430502	18.9924630793
89	404.869229685	231.529858352
89	97.0751765258	258.190450754
89	229.571853637	146.143164292
89	28.9383540237	258.238756919
89	276.394967697	182.507883464
90	161.825418017	176.313497559
90	234.250225712	195.377280337
90	112.066266315	231.611923955
90	115.885231526	200.722311961
90	270.843798861	335.697552667
90	169.700285513	56.7317599414
90	115.788258213	336.676379128
90	219.235548501	143.58690872
90	201.850453167	144.295782649
90	173.055279813	272.217224325
91	138.663253291	337.019632238
91	215.066714232	135.004667212
91	62.8533303331	218.844536714
91	73.8816449824	154.702425531
91	145.903692014	293.764201364
91	98.1674481873	220.178180899
91	255.685256625	320.28684818
91	201.783287561	295.736001157
91	287.721378955	80.0900400859
91	328.776900342	240.19342396
92	94.0228729596	-247.85311135
92	227.04674145	268.349245629
92	193.514336326	220.161244487
92	219.723493681	85.0919118617
92	87.0286434445	10.4845267629
92	115.842446322	125.241491896
92	149.980839257	423.746689987
92	109.489452372	81.0758053474
92	252.116889284	62.9971693993
92	195.327407914	296.439112439
93	32.6978734689	379.883267934
93	180.378161228	75.4699317186
93	64.9030918643	254.671059533
93	146.19410259	64.8522587308
93	52.3838372582	239.969000716
93	161.850515454	306.162943274
93	234.63935764	240.605233984
93	283.855924114	51.3845213453
93	28.9108784315	47.5812903386
93	50.1374869997	219.514648075
94	134.485119247	63.626576688
94	107.198001013	54.9514406642
94	296.869151851	327.038668328
94	72.3038642846	159.656954473
94	153.566050642	239.615968509
94	70.3218971401	233.522040737
94	93.152555483	167.51088927
94	93.0368048848	66.0186057119
94	94.9048545202	203.850464111
94	39.5970507484	272.97808573
95	220.312127744	76.7886739021
95	147.686787985	145.971856127
95	111.140146434	403.90950791
95	210.814407753	64.7670652727
95	193.977957561	97.4278941051
95	297.981810167	61.8032130165
95	194.133783074	341.650388821
95	80.8061423862	320.981310963
95	282.838725992	341.393849909
95	262.7873758	424.728750272
96	270.766957069	106.925736656
96	267.484635859	40.9361945175
96	215.624636325	40.0721780227
96	133.284045198	302.978152781
96	144.240657548	327.479937082
96	118.520311496	96.5859765327
96	261.485371594	402.2004615
96	85.2000005208	54.8415337445
96	36.4453915279	241.857688619
96	261.751679898	281.306533594
97	149.28868054	197.465883418
97	196.767609139	207.811017827
97	91.3352044816	152.293274048
97	248.535173288	93.8833258894
97	159.274131163	343.458382839
97	108.318118768	92.0873018304
97	72.7015989128	76.9413948684
97	246.376549629	240.703412438
97	184.909948076	180.973058496
97	157.549846034	334.852327593
98	196.762397355	238.40767642
98	57.3260481977	214.498779886
98	232.965432651	207.02689929
98	178.90213453	264.618133662
98	142.074487212	387.658527256
98	88.0125076202	147.656793016
98	171.794287826	269.173403105
98	46.4115439503	254.701713313
98	196.479223423	401.752109635
98	50.649175087	78.157068858
99	193.364981306	343.643847408
99	159.104080592	-77.7526406372
99	245.449354847	167.004841015
99	54.8518823108	204.709573193
99	74.4011803227	132.990685184
99	280.621608475	87.2442090956
99	103.582893877	72.2818537321
99	194.32707172	175.762461338
99	104.36842668	255.909186877
99	214.50709043	335.7683172
100	321.114670099	263.09727912
100	273.041985738	211.382912121
100	171.560908249	110.510870932
100	177.315453205	105.967697407
100	153.125128106	250.332975484
100	167.52472482	334.792161761
100	104.405916441	-0.585316866133
100	134.594315433	242.36059126
100	67.4674568045	230.991221507
100	80.0575450132	423.576165674
