1	118.937091881	-95.5781131779
1	-116.082706867	54.1472493363
1	98.9718457597	153.497270474
1	127.193546507	-46.5535127108
1	70.6417880187	164.093419625
1	-171.97347827	32.7602269057
1	74.3238346446	177.428946179
1	-176.343848102	-94.0572178276
1	164.000953722	-139.732796749
1	-168.707452747	139.161258256
2	-50.8113984124	106.258715608
2	-77.8680202824	80.1000938081
2	54.2968764323	-109.743851688
2	-52.4952127865	85.432548875
2	-91.2874135653	-55.5170468348
2	-160.245572584	-177.964513338
2	115.491196719	151.455466373
2	-151.892536683	62.279506759
2	95.2309338294	172.44643873
2	174.627218193	-151.918788248
3	81.6325436883	108.642202111
3	-141.016797772	148.577295491
3	173.087900879	-133.243741275
3	-164.974049016	80.1856282525
3	86.7166061058	111.061036044
3	151.575382184	56.9649401571
3	164.716930234	158.405544047
3	-121.601599521	-78.7888171684
3	-57.8330802553	-103.069077699
3	-174.710250117	-139.321113078
4	67.9484948052	46.0482798756
4	166.307508723	26.6215695762
4	-82.9973545123	129.214591827
4	-133.00121898	-32.8445543338
4	-79.6611668119	128.842905541
4	-122.779342351	177.546964518
4	-64.5546132469	-41.6451113147
4	175.252417875	-12.0949130007
4	-117.132582849	130.391901209
4	-121.526663585	2.29554079469
5	-76.3067452701	137.380667572
5	-134.200944516	17.6212288208
5	143.937518895	-25.1321915936
5	161.4462144	-176.888400419
5	-79.9202653166	-21.3044784275
5	-122.469492471	-81.889353941
5	-118.312721822	124.908704463
5	-48.6417406772	112.750181011
5	115.398936241	-118.262250683
5	-61.5460286472	74.8606208471
6	-162.299119482	-131.408192575
6	178.536608803	115.801006517
6	110.865381389	75.4263843064
6	-114.704344027	-107.460825608
6	-81.3236863457	-148.718887404
6	-178.211752518	-94.1299882157
6	48.6927037933	-112.4822265
6	-61.110596924	-27.3948329408
6	136.372603575	59.3633089019
6	119.340942235	130.281504818
7	-162.936876996	123.99803102
7	73.1874556795	37.2080610677
7	-109.048915146	-112.215189755
7	-158.238670706	78.0803942237
7	166.028198227	-20.0082437892
7	65.7736749221	-75.2593932053
7	-89.279907432	125.420846346
7	139.914553711	-49.2882218372
7	126.195074908	69.1351345522
7	110.413280911	97.0489446709
8	171.559764269	-171.801182126
8	88.6815896919	-92.7412532226
8	-168.918169719	47.6428351886
8	110.062449792	28.9122758755
8	-128.484353121	-133.375098711
8	108.377311858	157.739278859
8	75.0121712603	175.602959227
8	-137.164983872	-135.720366811
8	-84.0173861529	101.240874849
8	134.307993323	35.5745310553
9	-148.450597539	-173.228560495
9	93.0687492204	179.155194251
9	-146.622651832	-86.5783446943
9	73.8489795534	-62.8895446901
9	113.27047169	126.947467305
9	77.7763766927	-161.702529861
9	-150.405302305	-160.415025023
9	50.9991540919	-105.65856492
9	-134.610812005	-110.303279441
9	-144.929063894	-106.191016187
10	-131.659196059	112.121345447
10	65.2545181875	-128.433903162
10	101.031360109	-159.665617164
10	-88.342017359	179.743586223
10	-123.977368105	34.4024929845
10	128.645666882	172.796176519
10	-86.5369270078	62.3797633743
10	-171.132122324	9.27042460125
10	128.170178813	-172.246945026
10	-153.916200892	-72.2917903079
11	-145.908945597	-108.59059679
11	-49.7994383742	-45.6008196635
11	158.443010646	-152.311898839
11	-138.21312284	-101.45773087
11	83.3198305877	51.2882002189
11	-77.4041929152	140.679732149
11	-77.067239721	-71.5479464207
11	-113.855521907	141.502261246
11	176.813021616	-35.507140112
11	-104.857498964	-29.5571105649
12	134.802306434	-83.9206668283
12	-88.4923910654	-28.1334921245
12	-62.7882379913	167.539707114
12	-130.116332759	-51.1413930369
12	97.5118578407	-23.2055239268
12	-110.875019317	48.4145968405
12	93.3344435337	-106.945207317
12	164.31202505	121.301756396
12	113.28018467	110.513797148
12	121.561323905	-177.644064462
13	-71.447190747	73.1785180292
13	143.354678841	54.8751112287
13	-119.379534252	-36.1781205412
13	-140.147565639	-150.195893455
13	-146.683500816	-9.09254598011
13	-69.7286915533	-23.1912200457
13	-72.1712935294	-144.149348105
13	58.7458557319	-111.036036196
13	-138.397662339	133.786828718
13	82.9316922412	95.1278143943
14	-169.968189844	-65.7857163121
14	-81.1239781502	159.915572973
14	60.4898564018	-155.628877197
14	-71.2392544626	159.841474313
14	-72.5244303695	60.8415899396
14	-124.170787637	170.727427145
14	-150.563383594	162.352934208
14	-40.3921781367	127.654702361
14	156.314218671	-34.0553544557
14	104.904059143	-0.399675786125
15	-32.8031047112	-140.291026757
15	-72.082638067	-63.3779204037
15	-143.29315655	-112.862950454
15	-70.8972459239	143.563466944
15	155.655032263	-144.066564448
15	111.035045243	85.2942785992
15	155.506768696	146.409850648
15	-72.7077668493	74.5414801151
15	-157.914435272	115.386312162
15	-128.325348164	113.9241335
16	47.5184012534	-95.7933405785
16	-91.2538016913	-24.750948458
16	81.1944202582	98.6329489497
16	106.226866472	1.88707730744
16	-58.5456623354	-92.4600875919
16	156.386601035	-142.583092626
16	-93.0977913056	77.7881710743
16	161.386851828	167.546105549
16	-49.25191486	97.7085857229
16	-178.309231387	139.819785963
17	-14.2216575787	-58.9550262041
17	-83.1977245316	-48.0220065084
17	-103.868167821	-170.282063516
17	-136.400355899	-64.5772841143
17	90.0623017876	-128.520674875
17	-105.811388164	-163.50972774
17	103.157822411	88.0549516663
17	-177.375471635	72.9184934011
17	-84.4445449401	94.4303744426
17	121.709089484	167.238911867
18	134.613296854	-73.7886006104
18	-57.7068021261	-42.6894036846
18	78.9169791663	2.54565953824
18	68.3638834696	-152.637831101
18	-68.4852947521	125.518165601
18	-106.627483506	-156.75662399
18	-101.676583034	-132.620160568
18	-149.439887008	-21.3603312653
18	-91.8228122033	95.5684016862
18	176.144158983	-81.8739546484
19	130.023894159	-179.334040756
19	-159.254433575	-156.830674344
19	-152.968897791	171.846747246
19	-99.4794065273	-151.365250917
19	121.261617184	134.375731171
19	112.173533684	-127.04470849
19	-97.4551669991	-43.4763473278
19	-83.7538666241	148.767410148
19	131.483108739	-79.2310243505
19	-154.039811016	58.0348418411
20	168.408207425	-24.8611142242
20	-172.416392061	164.843792829
20	-99.0700351978	-104.753166502
20	-46.6929710371	125.97566853
20	43.1809673937	65.6315753871
20	-92.1898272715	-148.95098255
20	78.6456271873	-172.67293512
20	-41.4743212022	134.918314136
20	75.4187570652	45.5096323112
20	100.43616822	-168.759488574
21	-177.584974518	-93.5086399855
21	-171.192541795	96.3208952699
21	67.0887125703	-68.6855787571
21	-113.027051393	110.022277059
21	118.78302998	144.019769836
21	143.239887273	-126.864439649
21	145.771798752	154.004666855
21	105.008513538	85.4924139068
21	-176.14189326	30.0328541152
21	-153.113424379	-101.872277567
22	177.089443271	120.838248378
22	-132.010500764	66.1887785956
22	139.534248138	95.4663854858
22	87.4729681136	-29.9695419415
22	-79.95960364	-60.21910825
22	-159.0083538	167.714398071
22	113.752417104	155.333477492
22	74.9114525895	-141.586454187
22	130.757335037	63.6824535946
22	-127.894121513	45.4642169386
23	146.713778991	7.50872511319
23	108.002730851	-163.06054974
23	179.699699159	47.5331872421
23	129.65824849	79.9475567982
23	-176.240975122	81.2298879421
23	93.1110259444	-154.565003378
23	91.1269906279	-95.5432541906
23	126.010290695	-35.2648715607
23	140.707110405	168.711249803
23	160.152942127	74.2123543095
24	-87.163065153	113.037246166
24	97.8016352496	-92.7809720084
24	161.870549331	-109.583591388
24	-118.596326502	133.368654748
24	95.9751086431	-73.0608054735
24	-104.107698632	100.963406958
24	-89.6378448135	-127.600632845
24	72.3550386517	121.505499213
24	-155.971589438	130.35605095
24	-99.0373958661	-178.988007988
25	-117.664835758	121.885603484
25	157.55543797	115.472390557
25	-161.863230431	120.698164878
25	-58.5710758048	120.480612623
25	154.163748878	125.540935433
25	-122.102517803	49.0617850447
25	80.0457296428	-73.032315184
25	80.5487124223	47.0178432733
25	90.1231467079	28.4605026139
25	148.469593665	79.5284101749
26	114.570138312	163.176758402
26	163.365147079	102.676269164
26	-92.8068763225	91.832473802
26	171.45721391	-160.226172206
26	132.265383612	-127.824218767
26	-57.9399591744	-66.1395298594
26	146.970935279	-71.7300812692
26	84.7708901106	-78.062266469
26	-105.682450423	-150.088551937
26	124.172191023	85.9439057106
27	-131.932164856	-50.6031497879
27	118.264483271	-18.084366029
27	86.8296241001	85.0657554275
27	79.3254412414	-74.604236114
27	104.176169592	119.245436999
27	-148.124552872	145.379741478
27	45.9349794817	-120.133313304
27	178.091113836	173.635534559
27	-94.3377198861	73.4844784918
27	-91.2171831626	-127.18006213
28	-62.6758583716	109.071850043
28	-167.726943478	119.632983462
28	137.675012171	44.0196811755
28	-160.961554937	116.646080266
28	-46.6245788771	140.984441014
28	-156.443765891	109.319181121
28	100.317833843	-53.4533315258
28	94.3711559353	-94.7793951316
28	170.520880527	-86.9695940017
28	-139.736775406	-165.768824768
29	89.3731378308	-31.198252251
29	-101.068790325	36.980479076
29	66.3468714233	41.4782018521
29	94.1275714539	21.713629324
29	-128.519965298	152.669187634
29	165.013492455	89.4154107815
29	55.101308887	-135.862720278
29	161.348638163	-173.925652338
29	-62.7258458155	-63.0784835536
29	-152.554320079	-131.532582645
30	78.6888040507	-138.131643373
30	78.4902439486	-52.209131017
30	115.216937216	3.82626020784
30	139.490201556	50.6614942198
30	-42.2556137299	74.452179706
30	-54.3317341095	126.983219433
30	-90.6861240522	-151.071609654
30	-64.9401001608	-21.8651986871
30	-104.406379932	-55.177360428
30	57.9699904832	142.991003059
31	-98.0532155234	93.5389141856
31	-149.069271261	170.304326356
31	127.106762588	-142.041954337
31	79.71778413	-127.207579796
31	-97.4852936065	112.413852721
31	117.04488422	-159.90670651
31	161.743687964	-110.396594856
31	-40.0479164104	129.264866091
31	75.2930781313	-83.626078881
31	-148.085709666	169.476523329
32	140.540054292	25.9778280777
32	118.07012866	42.5054193042
32	42.9582969454	-161.721018028
32	-128.148455341	-177.126761291
32	50.3851014282	-92.3870331427
32	-102.91310982	78.3636004569
32	-87.7549267119	-129.191164376
32	-131.750066318	-20.7858806616
32	57.5754416448	-152.52605063
32	-149.876927181	28.1436405593
33	106.177251308	-166.874146686
33	165.529895283	30.2794928973
33	107.485645105	168.231404401
33	130.094973642	-158.296683449
33	-174.266750652	-132.882139468
33	-106.201108451	85.0322510479
33	164.486701855	-34.6349550359
33	-166.747604786	-133.289799575
33	-164.699933638	20.4108457494
33	43.3248927044	-6.14371531311
34	100.890779651	102.113735188
34	69.4667292659	-103.798518667
34	-160.336574541	-0.369970264923
34	-137.938060614	24.2145173977
34	-140.090373148	122.403543523
34	174.312763807	-118.623141851
34	-124.583337147	130.877646851
34	108.705653043	-124.976964368
34	-149.117318361	124.798094926
34	-170.97046864	-32.6544118901
35	73.1593001487	-45.7217861667
35	61.2206777438	32.481933559
35	149.776444614	112.991112783
35	160.869485511	120.312655835
35	-164.941498408	-161.711370298
35	-116.339923036	-133.397522284
35	148.31297666	66.9604545807
35	88.0719867468	12.6180882599
35	-68.3316249034	-57.4578215214
35	-95.5806875692	155.052059377
36	-168.657027083	14.4199957121
36	-162.113489134	-179.270478799
36	132.001963809	-156.198647183
36	-161.894402892	121.235494171
36	-61.6167998164	-20.9642930645
36	43.4887378445	59.1227663134
36	-149.435605411	-167.496163423
36	157.278191324	68.9558925588
36	121.991895428	-124.887744084
36	-163.388281369	-133.251831395
37	-62.1265559116	-172.008701867
37	-143.459780795	179.493401999
37	-104.324116221	-136.340090508
37	-136.318995131	-115.534383589
37	179.902053783	109.111113879
37	123.897991291	-170.087093653
37	-117.761542234	-63.1105423632
37	41.5143042763	51.4458423744
37	112.836435323	-41.3469680897
37	78.5491049551	-108.464119377
38	54.3741957058	-51.6521848465
38	170.481598693	-100.321576453
38	-63.2686201546	122.457590368
38	148.790772612	-104.795609067
38	-145.819721351	-179.025255188
38	112.678442763	-174.789548538
38	-114.52033956	-149.643072562
38	147.605782656	-144.64203653
38	132.957165625	-102.968561231
38	-69.4788102292	-4.9689248544
39	-71.7977687615	114.09987566
39	131.154510136	-48.2802062236
39	170.218241776	-177.430973077
39	160.090295292	165.746677242
39	-104.979106921	-159.38188423
39	80.3901390782	-62.3747210222
39	-115.065262482	109.489889732
39	-122.667322167	-131.740188607
39	-178.326210659	-72.8413622104
39	155.410770016	-151.823540354
40	69.6874701763	16.3936463181
40	-57.4006197588	-27.3063229217
40	-137.25239304	90.9039763473
40	-177.178167538	-113.984686253
40	112.063910588	9.05953680567
40	-162.062451892	-49.2986971877
40	167.996136693	159.357877464
40	-84.9560133442	-75.5874117467
40	91.4031012816	35.4880045387
40	-179.060981716	169.280410557
41	-112.585973191	93.2790850193
41	34.4008118477	43.3941320656
41	170.702020464	-24.709129077
41	-102.962127451	-65.1770125117
41	-169.850084586	-81.2503820946
41	-72.739607557	-145.591824652
41	-107.250601975	21.6635010376
41	-82.8904747343	102.833150419
41	-122.647268797	80.8819395434
41	87.1640950334	-107.406793947
42	-177.277803045	-78.4930466959
42	-66.4444717704	143.905872181
42	133.569678246	120.48644339
42	-80.1101112169	136.324442653
42	-175.320870653	-71.5692592772
42	171.814671963	106.350842489
42	143.922123474	-129.43355369
42	-67.7983855659	-119.823778759
42	109.202962173	124.071848549
42	-47.6272363076	-47.3730701826
43	178.357489073	-133.634997687
43	123.180735556	39.5299373687
43	94.6987672207	87.1601969513
43	-152.989038111	103.615955991
43	148.88792841	-147.506427026
43	86.6240105781	-118.921499832
43	-145.427789518	-152.349045129
43	82.8159909998	-161.457998088
43	114.247792625	-58.3460055734
43	-138.747475637	-95.6094027526
44	178.450591037	59.7085583651
44	117.462589759	-80.9896354712
44	-111.438393866	-145.563224441
44	-101.27527395	-146.887548537
44	90.1350038241	-74.2606980178
44	-116.053219319	-30.0958626511
44	-126.485104857	-175.904414299
44	-136.534021352	-168.078029302
44	85.7182063279	-151.087013594
44	85.5041544036	117.735228283
45	-150.959514842	-131.863559684
45	84.5158963047	-106.633215092
45	147.937633296	-124.992524508
45	114.780958139	23.686248029
45	-106.035349445	-65.0611346159
45	-107.383725812	-24.5818106475
45	-98.1811212266	115.022599513
45	-100.530177926	-161.743268709
45	-128.698257022	-75.12950433
45	-84.164300968	83.3480806543
46	173.630538233	-113.023476793
46	47.281047047	-94.1763814908
46	93.3810494258	30.5341537852
46	105.189462448	-133.929692021
46	-78.7898513713	88.0856158993
46	-94.3604947806	69.0965882523
46	-129.506991535	-104.666681314
46	-173.147797039	-95.3871872635
46	-75.98907447	131.336700209
46	117.585189232	146.366540424
47	172.615740664	14.2897538837
47	71.5189058243	167.879518115
47	88.6942494189	142.611215463
47	88.8155633361	141.439566987
47	67.7886616438	-122.12589314
47	-174.68489473	-150.541753623
47	94.6675651929	46.4956919268
47	115.274485924	163.982754395
47	161.891500323	108.166191224
47	-46.4779065215	159.511515474
48	179.846232716	-38.9600325088
48	-117.696010856	-112.180255825
48	153.139992821	169.343925587
48	120.371717289	157.890131819
48	102.101724176	-102.440521814
48	-167.026144302	-68.8185820304
48	-132.470696383	71.5751853369
48	179.539810927	-32.1638186794
48	87.0631364222	-175.611181158
48	-132.639216289	-162.836523636
49	82.589066642	112.032315066
49	174.667354689	-79.1776347711
49	163.759918821	135.967652414
49	66.9385908492	39.6079128595
49	139.865644798	44.9413383872
49	155.774551284	102.932508348
49	-63.3413833468	154.118365098
49	-113.696942722	72.3937070976
49	-65.8457292186	-71.8850695688
49	-65.1978732067	159.428943054
50	73.6496276367	-135.902836553
50	123.538646719	25.3440399572
50	78.8457366104	-129.809119047
50	-117.746336806	18.4201146505
50	80.7471262904	1.51166799489
50	-102.811106111	166.544261056
50	161.260463981	32.3013950088
50	73.8375732027	-127.360954597
50	-125.981654183	-1.40359065288
50	70.8301274201	157.207965675
51	-175.550682566	149.782708704
51	-170.353490611	114.872558418
51	129.484461036	-45.2538112233
51	-163.198302051	63.3520904814
51	-89.806575451	93.632739449
51	110.131711661	65.5915537736
51	175.367604635	-42.7098112381
51	-134.034969566	44.7296544124
51	-126.007629217	-65.5712267306
51	69.7825867427	88.5715000093
52	149.880060746	112.066910528
52	-120.608514857	-160.494367837
52	-77.5701110352	91.3046312729
52	82.7400348821	143.048252384
52	-37.9067308919	137.0324238
52	-174.750679773	-153.522442837
52	67.390853885	-80.9932951275
52	44.585811053	69.5074257333
52	83.4410410111	159.456979898
52	80.3162653757	124.735696323
53	-76.9123113768	11.6787560279
53	91.8619986505	-79.17431862
53	67.5118350441	-91.1244228247
53	52.2979807049	55.0997808598
53	-91.4473343138	65.7176841751
53	-126.513732828	131.389863599
53	149.489689953	64.1993885398
53	82.2877893603	-78.8765178055
53	90.1232206971	-131.597537034
53	-167.041905922	-162.901334108
54	-58.7802675913	141.613744805
54	71.8209302932	-133.919667382
54	-56.5175054052	-73.1132380268
54	104.71801628	-40.65237016
54	-68.9281948399	-142.822533625
54	176.840194772	165.960789866
54	-87.767453951	108.855265078
54	169.547646232	-79.7937740219
54	-127.816632827	-112.674029443
54	53.3459979278	-135.648463833
55	17.5274520638	-45.9096445704
55	50.5956966744	-169.988022643
55	52.0917460664	-98.2760714858
55	-94.1078630735	-179.068219151
55	-98.0306341843	-124.099740346
55	-123.496025724	-46.306113892
55	-107.181815717	-91.5101252592
55	44.4325284716	-109.141746991
55	162.38084332	121.640546726
55	46.711597343	127.325869243
56	126.857057231	94.7385597805
56	-116.396884516	60.3302617537
56	106.143404272	45.2755138315
56	-149.526177329	108.436605168
56	123.409226687	69.0621566395
56	-129.696170813	-179.878866249
56	-147.768500039	-151.312030075
56	77.4148897473	-85.8496405868
56	113.388829301	141.227357445
56	22.2839574702	-107.010001643
57	66.3364084109	-56.2570483521
57	-138.267989572	28.8393250236
57	84.3507324939	-132.45645307
57	87.1261281706	-139.423189582
57	-108.389768627	30.425135844
57	158.543242172	44.9011042737
57	-97.2265492705	-48.9179131685
57	-129.435182192	113.280939269
57	-104.340352974	173.200075818
57	126.350850089	-88.1555180148
58	90.4206576905	-118.313895924
58	154.700328714	168.239394287
58	88.1654612578	-64.2591980213
58	-93.3458224039	-120.24531364
58	-94.3632084922	72.4935169698
58	-149.497334916	-124.335668278
58	-101.887378628	-160.175336076
58	83.7611280169	-105.781921303
58	-107.799905994	-135.183847225
58	-66.294026837	103.97316309
59	4.84362930646	65.3344498131
59	82.0594106638	-60.9670418185
59	-110.427719187	155.34149372
59	-72.1217113472	-139.135820676
59	77.4571397386	-138.933375267
59	66.3930437619	-173.743934542
59	-104.021861031	-111.740303152
59	-81.2427112635	70.3954824794
59	128.447817788	147.228465305
59	105.347169354	-138.845933947
60	5.26094085425	108.742975683
60	-129.004101313	-4.53930164649
60	-58.5415560617	100.387464771
60	126.659904461	30.6009456166
60	64.6345172329	122.03858472
60	142.335734868	17.9879176208
60	157.429651571	112.931348953
60	-160.410051267	-21.5394516802
60	141.811488626	-12.0674452831
60	-168.531678551	42.7573384332
61	93.6786592057	132.732666654
61	-117.485328211	162.260523731
61	177.910481987	-145.943629475
61	172.275785902	-68.5148683404
61	-138.391735336	158.511563967
61	121.748906427	69.434331399
61	-84.1371592146	40.2462910157
61	-95.5526484504	-102.3141654
61	-102.533939397	99.7300698386
61	163.184482334	-7.59249895398
62	-4.66770751701	-23.3820289133
62	-179.12388639	-152.584448407
62	53.4951341213	-160.180805196
62	-73.7218936871	-70.1163000493
62	155.419202779	168.542682284
62	61.7022596889	178.231585781
62	65.5175858058	-149.765571407
62	-156.430895028	-157.717473068
62	73.4119566364	-105.55555725
62	59.0942193686	-31.310782896
63	-24.1302053704	117.834785752
63	123.11411716	98.1765716555
63	95.1677864117	31.6156632589
63	-109.589524689	173.284625688
63	166.97089674	168.189305975
63	102.146123736	2.25956407005
63	150.914397248	126.011355094
63	55.0218114918	52.5276339819
63	150.813162069	178.814797442
63	105.530463878	127.437910422
64	150.796285588	-124.380038355
64	-132.24224653	146.338611974
64	-116.416463297	171.14084814
64	65.0302275304	100.948226839
64	-142.086510809	164.800046121
64	-176.319931248	32.2100812221
64	-125.279374394	71.5869915314
64	-134.06939711	-14.6052318125
64	-105.473616461	78.0098186887
64	-112.930380868	162.093942892
65	87.0417651123	-160.194228309
65	130.134862589	-129.192276917
65	149.395936213	-102.64025919
65	89.3808071881	22.0128777466
65	-161.718779064	164.313453117
65	-102.614047274	-43.3671098265
65	-160.872281083	18.1078054211
65	152.891340209	157.998460564
65	-111.913161369	-142.973106588
65	146.913051757	-161.201070149
66	-43.6150891242	-102.590446544
66	92.3027809524	16.6172469322
66	63.2353498917	176.625323844
66	-165.697126969	-60.606918079
66	108.281486069	-152.814194492
66	-117.14514251	125.945483877
66	172.036896567	-153.575394577
66	-135.154415588	65.5923722021
66	-114.740954581	66.2447743456
66	-84.8073547282	61.4949989021
67	-50.6199880205	51.4003937153
67	120.219721799	-90.640164641
67	81.4317666852	-131.501945318
67	104.419511152	-139.118624053
67	-103.965781823	59.4204906225
67	83.8512066878	165.521920332
67	86.9484555557	-72.8664837989
67	79.2620224414	-119.131885387
67	-110.351314288	10.9864056574
67	-101.016674754	129.243860655
68	37.2731634352	61.9021147344
68	-84.0066871364	76.1108344017
68	-86.9238387829	-89.6658927945
68	79.8247379273	123.278315291
68	27.4278194996	-98.7878083269
68	-141.536499988	-17.3050684781
68	126.619718427	-30.272121868
68	-104.273047469	161.94101324
68	30.9481776442	-107.112487844
68	-87.8963382064	-130.563924965
69	175.050683896	144.220029627
69	161.828875873	-168.917084054
69	-74.7113150569	-51.6487692651
69	-117.480805874	80.4147656041
69	86.6816649732	-138.712413251
69	103.229991925	89.7269030467
69	-141.080608088	170.811840473
69	119.284302931	149.686339809
69	-96.6695277414	141.490251492
69	106.410805935	-29.1800188548
70	50.5096314545	65.7260692328
70	113.501709342	-91.4504292234
70	68.6479141823	172.533118742
70	-72.1024877465	74.5951540098
70	147.338961046	-102.709528378
70	-151.194887794	-175.273848676
70	-91.2983092467	157.717237509
70	46.1475103925	-135.631236874
70	84.4639115732	2.43464198019
70	-120.615170693	70.6909404986
71	177.912078371	-74.5489484456
71	-96.5644398014	-9.18378048708
71	-94.4027664124	74.6024892098
71	-72.6218819893	-78.1115492378
71	124.679984834	-30.0821360957
71	63.4732827186	-122.568843593
71	-100.736792978	13.9708388319
71	126.984441901	79.518222356
71	-73.6498076637	-25.7199380865
71	-85.270720785	63.3898861628
72	-157.085358209	-175.451888614
72	-177.408919596	117.52353181
72	82.8369166167	-129.268944231
72	-139.202262661	152.740660413
72	-173.167031593	-164.338331117
72	-65.7828638834	-179.064166224
72	-70.2449429434	161.835022661
72	54.4991773645	-93.3119150539
72	-62.0911110654	65.6075293971
72	-98.4686970369	-9.1511951605
73	166.359423876	-139.721611142
73	70.3249398406	-73.0522883023
73	-127.171808595	-84.967667345
73	-139.381768837	-95.4402483175
73	-109.858790494	112.511541611
73	150.508682352	105.225576836
73	121.531976231	-169.187583362
73	153.395214716	25.2015283902
73	-82.5807843384	121.014957384
73	75.454428506	102.71471519
74	2.7254378636	-84.7867732151
74	-152.737745495	-128.697024328
74	132.460161219	-68.5752968093
74	-102.733124377	172.28322084
74	-84.4690308837	-57.7019072475
74	-96.1846064728	38.8292140115
74	151.876239095	144.255945731
74	119.481643772	134.809609178
74	114.132519164	150.900689097
74	-152.559925424	-125.308210248
75	121.771355485	3.41213686216
75	-50.8332257716	130.575563461
75	-128.688995367	100.270781783
75	-171.622642006	-92.4115140851
75	149.563513131	-145.792667822
75	70.8928952518	-79.0309929692
75	-99.7846122107	-20.406500498
75	114.259909412	177.44218291
75	-159.800070502	-106.905221147
75	169.735875207	-48.0752017628
76	82.592435053	-55.5748116462
76	118.016644345	-16.05615118
76	139.781971752	-31.8195115405
76	100.435283832	168.991229251
76	-69.0465429933	68.3085370789
76	120.576566288	34.2046601701
76	-145.80628791	-2.68619075141
76	-89.9934407011	115.974744308
76	-159.522507031	77.6608693391
76	32.6940544992	-74.0009113675
77	-53.7046860303	95.0632992132
77	76.9842294838	-70.1609119499
77	-175.125612261	-128.886438531
77	89.733981244	-116.271742883
77	132.38260325	-42.6015809634
77	-144.420000749	-74.3214949136
77	-165.81280919	31.8466603642
77	101.207417814	-13.8641101093
77	-178.009629098	108.466300557
77	120.388855986	-171.447247522
78	31.8115512763	-22.0441962987
78	-55.6638984581	89.2037872206
78	-46.6297394334	-56.9041131913
78	-102.121991771	-131.468839557
78	-62.9642751299	104.782322768
78	-118.357196283	179.875669944
78	-175.8987625	-17.8657279101
78	144.778245961	-95.8008894142
78	113.419507459	149.179109157
78	-166.352897555	-177.714118378
79	172.522133604	176.763914622
79	-89.0776938627	138.817278578
79	64.8163174492	-116.9559063
79	-107.523450593	40.2104953773
79	-89.0244608018	87.4318279337
79	137.067469551	18.9531864346
79	114.500218035	51.0253132134
79	-100.442178922	37.3213879156
79	-88.7152216078	74.1187744729
79	139.725679471	-130.626081278
80	-69.6236849209	-1.89796952952
80	175.568106701	-177.750722441
80	60.4522833112	59.1350002242
80	-108.158374768	106.565728382
80	-69.95792696	73.6149045581
80	54.7248630018	91.7894218775
80	144.607268636	177.210001329
80	138.448538851	-33.4268260655
80	-104.400317695	88.3335669529
80	142.760830282	146.164699776
81	130.7866466	-105.44242435
81	169.10177891	39.0604884942
81	-75.1531932466	129.634478728
81	150.045099022	-98.5139350145
81	120.034370162	142.988416773
81	-133.001135851	16.9424434597
81	-83.198274471	69.5897847428
81	-80.5259734017	2.44177321917
81	96.6537471968	116.63380482
81	99.0193467981	-113.364259243
82	155.148196139	-166.188095219
82	-114.176233201	174.23524983
82	115.598464503	169.350817879
82	-105.916632009	118.199019281
82	166.712668554	47.2660718887
82	-92.4119313155	44.0236746865
82	110.439631124	147.268994346
82	130.763400206	-152.095929793
82	132.642011328	-177.881947246
82	52.7831765148	144.91062003
83	8.18865660545	76.4437199556
83	99.651308979	120.317243773
83	-161.896440715	69.3821483599
83	-177.694097549	82.0592038595
83	113.128429021	95.1842231382
83	84.1982433491	18.3160809532
83	-149.924337079	-72.0733100977
83	88.9709211762	-58.3453684539
83	107.067319021	-106.744510549
83	175.402325989	-100.78861882
84	57.5603766782	132.7258464
84	-70.6008057011	-49.964167015
84	80.4680029828	-152.112609964
84	102.71329117	101.923933008
84	-90.1570863479	97.290842986
84	81.2711387341	135.483556376
84	-75.1810214118	-52.1793862277
84	137.11750928	-117.780936661
84	-134.944872262	-69.1847955284
84	-148.310255053	159.594166565
85	172.733619037	142.701710606
85	170.73698776	115.069938055
85	165.850988162	-64.3507208389
85	142.137775794	-83.4068670962
85	-170.521463838	27.2379771129
85	142.273014348	174.415060415
85	71.2382630872	-125.519608726
85	67.3265848944	-132.274966507
85	-73.3488553213	138.4946191
85	-130.598162242	-79.9672643077
86	-131.794678855	117.115782492
86	-172.051680137	89.0276967633
86	-83.0593521813	84.6345434443
86	-70.3975421316	-62.1880603632
86	113.239308204	66.6631219847
86	126.370892738	-112.662888926
86	-140.059311047	-88.1304712117
86	-175.978215429	-42.2984934129
86	130.842227623	5.70235604723
86	-57.3710678573	-175.834304464
87	-93.2572171897	155.934200833
87	90.2041090754	-143.422585241
87	-95.6831068372	-112.914089561
87	75.5540938433	-132.13387936
87	156.931518253	-102.298826317
87	154.412463122	-154.505247779
87	134.095549113	159.193546989
87	-145.660296133	114.12947763
87	-103.466786638	-79.8573529839
87	-72.6039064908	24.0319830347
88	163.143941594	-119.793501709
88	142.786141182	76.7878927851
88	145.141037465	-174.829271911
88	-95.6145898256	70.2668031477
88	79.7911464229	-47.422801723
88	-136.165504626	73.0806717447
88	-95.4657459995	-61.2413737795
88	-105.626430392	66.8533579929
88	-158.043862967	-90.6888536578
88	-147.90709374	162.177202114
89	-136.780981194	144.895520968
89	-76.3796616049	84.9582455276
89	-99.2398060743	-87.6393388099
89	115.315165736	176.135849317
89	124.476542093	118.337522063
89	138.134944782	-172.285793213
89	-165.452481341	122.713151824
89	86.5524421308	9.74941461272
89	124.354464192	42.6633349705
89	-71.2549686647	101.730178056
90	-75.4195805156	14.3515670349
90	-150.364992477	11.638574444
90	151.004776226	-122.080444576
90	-159.605408723	141.823524561
90	123.275237347	162.788747486
90	147.665262836	-140.810401837
90	62.3210525303	-109.937881977
90	-88.8859129175	-124.692481696
90	-89.7235639822	69.9393715359
90	162.424566733	96.9081956547
91	-71.4860227155	-62.3985834786
91	-76.3982574559	114.455150358
91	-106.823839629	160.786813908
91	-107.299547296	-165.276618056
91	-114.501320212	49.407388781
91	-159.481157345	-96.9021784469
91	147.225619694	-109.163738898
91	108.676713155	135.843400535
91	161.963494529	80.0763236964
91	-57.3385451929	-112.297136425
92	-97.0179090752	153.682494883
92	128.440532271	-88.8179648601
92	103.932479352	-139.132181817
92	-53.8343396459	-105.109035634
92	177.860117527	-131.17000481
92	71.2293505621	88.428743814
92	-49.1878488074	-53.541924509
92	76.0710638664	-171.234064475
92	120.195988869	85.1206835435
92	-73.513916151	-11.2704597924
93	-125.211487306	103.309338334
93	-92.537192021	89.7347637609
93	126.514529371	-87.784829476
93	-23.7821411802	92.8636933948
93	-92.5649163509	141.320267126
93	116.643235281	179.627188636
93	-96.821523081	-64.4627523896
93	61.7472617234	-139.108868978
93	-120.709095265	-101.178749857
93	86.2600935878	-146.2039412
94	-125.978852094	-145.011375644
94	95.9596553721	-137.649904126
94	-115.514797357	177.002766899
94	115.641371047	36.5489488969
94	131.474954876	-11.5387520866
94	93.3566130898	-92.2718043067
94	104.136107357	-39.9440831854
94	83.6875311741	117.601936536
94	-77.6801612786	81.0739088529
94	67.9794785825	15.1726841136
95	-135.129076906	-109.353217698
95	-123.996073587	46.7076707026
95	108.214528119	40.287167631
95	-118.303585821	70.166589023
95	152.144136631	-104.03774569
95	-169.042068611	84.3485463075
95	179.109909063	-162.08596878
95	-69.4225808382	138.364951957
95	-157.533154795	155.760533295
95	-86.7015307118	172.066121623
96	18.3911481411	-125.756905998
96	-161.082718409	16.4653254685
96	-75.5408925412	-15.4361911496
96	-175.171593047	88.2649613416
96	-135.065382897	156.070421888
96	-126.795626009	-60.4769800221
96	113.53047759	-140.172788538
96	-126.840807808	94.3336314001
96	-116.19483724	-131.533016616
96	-114.119019373	-7.2660549538
97	-175.340144987	152.100703551
97	52.1363132042	-80.2084156272
97	-55.7005857458	80.2052234344
97	129.262342376	-27.7961159308
97	-96.171337571	-84.4853970593
97	139.735750907	107.238227958
97	153.392871671	60.4381123286
97	-76.7182662663	-66.8613827655
97	124.910691429	101.179619431
97	172.379848552	143.168905479
98	-137.653526936	-144.397284596
98	-178.638023302	-84.789474235
98	49.9494339388	-100.696647817
98	-137.858936962	35.6452653895
98	125.315278817	-115.416367345
98	53.8999588169	-146.744974457
98	159.459799566	111.092411475
98	-60.5638513464	80.7380424537
98	-159.434877233	-133.441769754
98	60.1547389673	-143.622535731
99	-174.854811385	14.4525883456
99	88.846801227	-149.004643665
99	47.2970286393	-83.8423438705
99	177.472703092	66.2994624121
99	69.7773993836	-168.324930645
99	134.21740382	39.8478674356
99	140.831702539	-70.7605696746
99	42.8984193157	-105.026513901
99	122.186464649	-128.24420448
99	-105.711552613	92.0593621999
100	179.043313284	-90.6633197733
100	159.24747809	-54.3728383213
100	119.01706932	-108.193537233
100	-71.2219146545	98.0718812616
100	129.888647642	-68.2923079615
100	118.324191634	49.8853046956
100	-171.677697363	150.799758466
100	106.325676029	70.3093651158
100	-130.172605256	-115.58292886
100	173.027271964	-156.962311012
