ASP	1	0.0	141.292278322	141.292278322
ILE	2	-62.9490657489	-12.6156590405	-75.5647247894
LEU	3	-62.081481028	-29.813588229	-91.895069257
LEU	4	-72.9029277153	-35.6146233109	-108.517551026
THR	5	-61.9759009169	-33.9932938806	-95.9691947975
GLN	6	-53.5575125253	-52.0766149323	-105.634127458
SER	7	-65.3738301805	-36.5805317138	-101.954361894
PRO	8	-63.7529911468	-44.0082280257	-107.761219173
VAL	9	-61.9852787191	-39.4276494811	-101.4129282
ILE	10	-63.9457439369	-38.0126763139	-101.958420251
LEU	11	-61.1623420197	-42.7156480826	-103.877990102
SER	12	-57.6708807163	-42.2245612718	-99.8954419881
VAL	13	-54.9025595968	-48.680169911	-103.582729508
SER	14	-70.7166328465	-42.043478204	-112.76011105
PRO	15	-85.8676775219	-12.7645886617	-98.6322661837
GLY	16	68.6764779975	26.1418142616	94.8182922592
GLU	17	-155.192139407	166.757248961	11.565109554
ARG	18	-81.3886252628	143.312634246	61.9240089836
VAL	19	-123.085297291	134.830595064	11.7452977733
SER	20	-111.923929391	146.064224687	34.1402952969
PHE	21	-155.05688417	142.550569281	-12.5063148887
SER	22	-152.03091245	150.682476666	-1.34843578431
CYS	23	-122.098597811	124.309944254	2.21134644292
ARG	24	-128.013771317	128.009060049	-0.00471126801486
ALA	25	-70.2995184989	128.080554459	57.7810359601
SER	26	-68.7910195598	-43.2451167071	-112.036136267
GLN	27	-68.2712649354	-52.7195230077	-120.990787943
SER	28	-92.047446192	-15.3010977337	-107.348543926
ILE	29	77.6796454124	8.6047016631	86.2843470755
GLY	30	-78.1686893749	133.151190393	54.9825010178
THR	31	-77.2279499207	116.323620033	39.0956701121
ASN	32	-83.6485940443	-48.2684482762	-131.917042321
ILE	33	-142.684407031	156.216699764	13.5322927325
HIS	34	-155.773685222	156.276009776	0.50232455461
TRP	35	-147.104291417	118.072681204	-29.0316102126
TYR	36	57.1033480757	49.4307946617	106.534142737
GLN	37	-64.3693711712	-26.425225334	-90.7945965052
GLN	38	-121.814073569	19.0507743306	-102.763299239
ARG	39	-92.6007202347	148.359877083	55.7591568488
THR	40	-82.5049958256	141.920275327	59.4152795017
ASN	41	-137.868108196	149.36790675	11.4997985537
GLY	42	-59.6381665792	134.263069849	74.6249032702
SER	43	-67.4995512066	-39.0322059851	-106.531757192
PRO	44	53.8404723078	-145.837394724	-91.996922416
ARG	45	-70.4491334613	-6.16544432248	-76.6145777837
LEU	46	-59.988780633	-22.1335475621	-82.122328195
LEU	47	-62.9659912237	-22.134334789	-85.1003260127
ILE	48	-63.1040303599	-27.3287338727	-90.4327642326
LYS	49	-65.1541881972	-43.9588588976	-109.113047095
TYR	50	-60.2392752279	-45.3256030351	-105.564878263
ALA	51	-53.2672011339	-51.0905839763	-104.35778511
SER	52	-70.3399625285	-21.8505531816	-92.1905157102
GLU	53	-62.8669464578	-46.9975851764	-109.864531634
SER	54	-63.3464832164	-39.6827267196	-103.029209936
ILE	55	-61.8225430752	-47.0835730457	-108.906116121
SER	56	-64.1569315807	-33.7523128696	-97.9092444503
GLY	57	-63.1721802601	-40.1745103704	-103.346690631
ILE	58	-64.2672651705	-41.196882769	-105.46414794
PRO	59	-57.267610246	-48.1533776664	-105.420987912
SER	60	-60.2060950657	-33.2385921513	-93.444687217
ARG	61	-83.9818300048	1.41417704888	-82.567652956
PHE	62	73.1712440308	24.7555114634	97.9267554941
SER	63	-107.384281848	-2.14828140186	-109.53256325
GLY	64	-158.905610711	157.926107746	-0.979502964961
SER	65	-130.106811171	131.589053999	1.48224282868
GLY	66	-62.0707277854	-28.5585342662	-90.6292620517
SER	67	-86.6436473754	1.68852786127	-84.9551195141
GLY	68	-70.763110595	135.192999173	64.4298885779
THR	69	-96.7692322223	132.692990491	35.9237582685
ASP	70	-113.144954537	130.41627521	17.2713206735
PHE	71	-102.369923009	133.350963976	30.9810409665
THR	72	-141.845182048	-178.843528242	-320.68871029
LEU	73	-151.994756094	-178.730068335	-330.724824429
SER	74	-54.6426871312	-44.8251667282	-99.4678538594
ILE	75	-64.5732848124	-25.9252112876	-90.4984961
ASN	76	-65.3251825658	-32.3635142322	-97.6886967979
SER	77	-59.3414799469	130.912596956	71.5711170088
VAL	78	-114.048145912	172.594583929	58.5464380167
GLU	79	-59.6252751108	139.575196242	79.949921131
SER	80	64.3694097422	81.335847763	145.705257505
GLU	81	-136.983065562	59.302394936	-77.680670626
ASP	82	-67.0373455492	-26.3356052203	-93.3729507695
ILE	83	-93.2224651871	-54.153956553	-147.37642174
ALA	84	-63.2460942773	-28.2792682362	-91.5253625135
ASP	85	-66.0617438734	-14.4050929888	-80.4668368622
TYR	86	-91.2062170139	-6.55191437483	-97.7581313887
TYR	87	-128.390279849	29.7871992994	-98.6030805491
CYS	88	-63.1918467982	-37.9911477629	-101.182994561
GLN	89	-69.3079391665	-45.4090745425	-114.717013709
GLN	90	-114.972727854	-4.42566438527	-119.398392239
ASN	91	79.795636252	-173.339691621	-93.5440553689
ASN	92	-142.155030748	150.229471677	8.07444092853
ASN	93	-80.3975032019	164.132573659	83.7350704575
TRP	94	-55.0061799721	-42.455732802	-97.4619127741
PRO	95	-67.8922232139	-36.0390432497	-103.931266464
THR	96	-66.6003187904	-35.9300172647	-102.530336055
THR	97	-69.5506906052	-41.0127850405	-110.563475646
PHE	98	-64.6207776721	-38.5936537678	-103.21443144
GLY	99	-57.9728956948	-46.964884168	-104.937779863
ALA	100	-64.5977276108	-37.5557914979	-102.153519109
GLY	101	-68.1410267551	-24.6036008144	-92.7446275695
THR	102	-101.86023199	-42.6144182262	-144.474650217
LYS	103	-68.1073445754	-48.8681694184	-116.975513994
LEU	104	-111.58536821	-3.42524495007	-115.01061316
GLU	105	63.8188088468	30.2047415219	94.0235503686
LEU	106	-62.9190035382	126.544701715	63.6256981766
LYS	107	-79.0377484888	-38.6735053974	-117.711253886
ARG	108	-64.5859141281	-38.512176928	-103.098091056
THR	109	-56.5083306113	-44.1217611875	-100.630091799
VAL	110	-60.9608013797	-42.739238686	-103.700040066
ALA	111	-62.9633127695	-42.4938063087	-105.457119078
ALA	112	-61.0294550686	-43.7100163393	-104.739471408
PRO	113	-65.9125458248	-43.974286229	-109.886832054
SER	114	-53.4824298888	-46.2349985913	-99.7174284801
VAL	115	-55.7534300715	-35.5218481959	-91.2752782674
PHE	116	-63.9319344631	-29.9601601468	-93.8920946099
ILE	117	-100.060281655	-0.813531484837	-100.87381314
PHE	118	103.825009194	10.2848953363	114.10990453
PRO	119	95.3787900293	176.785170556	272.163960585
PRO	120	-48.9519311112	-46.255322889	-95.2072540002
SER	121	-55.9740591848	-38.3856015672	-94.359660752
ASP	122	-75.5777409288	-30.1288181218	-105.706559051
GLU	123	-63.6585022956	-44.4483404099	-108.106842706
GLN	124	-60.5303412434	-41.5700251335	-102.100366377
LEU	125	-62.8636295092	-39.497572903	-102.361202412
LYS	126	-60.825351196	-47.7334874636	-108.55883866
SER	127	-56.9314710013	-50.4731412776	-107.404612279
GLY	128	-57.1083555602	-45.368221511	-102.476577071
THR	129	-64.1032207229	-19.8189437663	-83.9221644891
ALA	130	-98.0294032204	6.59950147681	-91.4299017436
SER	131	97.901737938	9.97652489215	107.87826283
VAL	132	-97.5984594016	97.5781010662	-0.0203583353358
VAL	133	-93.4531828074	19.9488315013	-73.5043513061
CYS	134	-119.004793561	-57.3510348672	-176.355828428
LEU	135	-63.6919523727	137.970067554	74.2781151817
LEU	136	-146.183938485	136.414467379	-9.76947110563
ASN	137	-110.838774507	135.185056265	24.3462817581
ASN	138	-123.88184775	-30.9526786247	-154.834526374
PHE	139	-126.704840526	175.762999298	49.0581587718
TYR	140	-105.565995846	174.258561702	68.6925658568
PRO	141	-74.1575912592	132.837728023	58.6801367638
ARG	142	-94.6757280412	-17.207132328	-111.882860369
GLU	143	-64.7370471999	-22.4112126638	-87.1482598637
ALA	144	-64.8367832003	-13.6076012708	-78.4443844711
LYS	145	-91.3457011822	5.93899452463	-85.4067066575
VAL	146	-54.1016393194	-38.7088178363	-92.8104571557
GLN	147	59.6149957522	40.7508416028	100.365837355
TRP	148	-65.1199030584	133.050192212	67.930289154
LYS	149	-56.8348090673	135.10054303	78.2657339625
VAL	150	72.4499751885	1.61590676459	74.0658819531
ASP	151	-82.2273413527	132.211500967	49.9841596146
ASN	152	-89.71209155	-10.1222536024	-99.8343451525
ALA	153	-56.6094698646	138.17861786	81.5691479953
LEU	154	61.9664147748	34.8949148174	96.8613295922
GLN	155	-118.225350781	161.74344574	43.5180949596
SER	156	-136.767109481	-176.270059659	-313.037169141
GLY	157	-119.819041798	158.332126583	38.5130847848
ASN	158	-54.5102808856	-45.3292522863	-99.8395331719
SER	159	-64.5944851477	-43.5777977667	-108.172282914
GLN	160	-64.6493141876	-45.0269873212	-109.676301509
GLU	161	-63.6386902271	-43.6451031616	-107.283793389
SER	162	-63.1232102622	-41.9517718204	-105.074982083
VAL	163	-62.7172406214	-46.1389934617	-108.856234083
THR	164	-64.581248695	-43.6727303566	-108.253979052
GLU	165	-61.6624555173	-41.9165458224	-103.57900134
GLN	166	-57.8300640286	-44.8438307841	-102.673894813
ASP	167	-60.1009556256	-51.5633105452	-111.664266171
SER	168	-60.6870841599	-40.51881046	-101.20589462
LYS	169	-81.6350560215	-23.2209384796	-104.855994501
ASP	170	-133.887170142	-10.1616473935	-144.048817535
SER	171	-89.5557873683	-176.085639067	-265.641426435
THR	172	-86.6829897801	3.21983108387	-83.4631586962
TYR	173	-53.5321415762	-48.805300648	-102.337442224
SER	174	-107.918531455	153.830147508	45.9116160534
LEU	175	-58.677717843	162.410785747	103.733067904
SER	176	-55.3540767712	-47.0238255157	-102.377902287
SER	177	-68.7564034173	-34.0658197783	-102.822223196
THR	178	-69.2279625496	-49.1885815031	-118.416544053
LEU	179	-58.2045444023	-32.7168713981	-90.9214158005
THR	180	-66.4121630902	-39.7146057903	-106.12676888
LEU	181	-65.6984447686	-36.177742566	-101.876187335
SER	182	-60.4802335588	-47.7253651264	-108.205598685
LYS	183	-70.6051908377	-31.5485837553	-102.153774593
ALA	184	-63.9657464993	-44.5119557272	-108.477702227
ASP	185	-56.043683573	-44.139639707	-100.18332328
TYR	186	-65.5610386599	-30.9852159118	-96.5462545717
GLU	187	-66.2937140915	-34.1227869004	-100.416500992
LYS	188	-76.8381440903	145.282652039	68.4445079491
HIS	189	-164.966086732	137.679108457	-27.286978275
LYS	190	-126.620234517	3.82063359511	-122.799600922
VAL	191	-132.534042603	-18.4351827497	-150.969225353
TYR	192	-100.684345391	15.4821098243	-85.2022355665
ALA	193	-52.0092590471	-41.9172271319	-93.926486179
CYS	194	-69.4286971644	-7.28723749207	-76.7159346564
GLU	195	-97.4962027313	-129.562294408	-227.058497139
VAL	196	-59.2880658803	-36.9950539967	-96.283119877
THR	197	-55.5052365327	-33.8728739474	-89.3781104801
HIS	198	-70.4193026905	-13.8417296769	-84.2610323674
GLN	199	-107.127750667	-6.77178203006	-113.899532697
GLY	200	-75.9586156138	126.887838323	50.9292227093
LEU	201	-67.9770057682	157.183378902	89.2063731335
SER	202	-58.1386319836	137.192927599	79.0542956154
SER	203	89.5072985204	-15.2908675328	74.2164309876
PRO	204	-78.3393299665	151.10224794	72.7629179731
VAL	205	-89.8915575207	144.342033145	54.4504756245
THR	206	-144.484103351	143.437852692	-1.04625065863
LYS	207	-132.100444935	120.272267922	-11.8281770131
SER	208	-143.495517466	172.071404946	28.5758874803
PHE	209	-154.575098219	124.95718436	-29.617913859
ASN	210	-94.8200175787	169.822426776	75.0024091977
ARG	211	-148.646992285	150.688963024	2.04197073888
GLY	212	-145.003859675	142.019033114	-2.98482656135
ALA	213	-148.155485846	-161.185539418	-309.341025264
GLN	1	0.0	141.292278322	141.292278322
VAL	2	-62.9490657489	-12.6156590405	-75.5647247894
GLN	3	-62.081481028	-29.813588229	-91.895069257
LEU	4	-72.9029277153	-35.6146233109	-108.517551026
LYS	5	-61.9759009169	-33.9932938806	-95.9691947975
GLN	6	-53.5575125253	-52.0766149323	-105.634127458
SER	7	-65.3738301805	-36.5805317138	-101.954361894
GLY	8	-63.7529911468	-44.0082280257	-107.761219173
PRO	9	-61.9852787191	-39.4276494811	-101.4129282
GLY	10	-63.9457439369	-38.0126763139	-101.958420251
LEU	11	-61.1623420197	-42.7156480826	-103.877990102
VAL	12	-57.6708807163	-42.2245612718	-99.8954419881
GLN	13	-54.9025595968	-48.680169911	-103.582729508
PRO	14	-70.7166328465	-42.043478204	-112.76011105
SER	15	-85.8676775219	-12.7645886617	-98.6322661837
GLN	16	68.6764779975	26.1418142616	94.8182922592
SER	17	-155.192139407	166.757248961	11.565109554
LEU	18	-81.3886252628	143.312634246	61.9240089836
SER	19	-123.085297291	134.830595064	11.7452977733
ILE	20	-111.923929391	146.064224687	34.1402952969
THR	21	-155.05688417	142.550569281	-12.5063148887
CYS	22	-152.03091245	150.682476666	-1.34843578431
THR	23	-122.098597811	124.309944254	2.21134644292
VAL	24	-128.013771317	128.009060049	-0.00471126801486
SER	25	-70.2995184989	128.080554459	57.7810359601
GLY	26	-68.7910195598	-43.2451167071	-112.036136267
PHE	27	-68.2712649354	-52.7195230077	-120.990787943
SER	28	-92.047446192	-15.3010977337	-107.348543926
LEU	29	77.6796454124	8.6047016631	86.2843470755
THR	30	-78.1686893749	133.151190393	54.9825010178
ASN	31	-77.2279499207	116.323620033	39.0956701121
TYR	32	-83.6485940443	-48.2684482762	-131.917042321
GLY	33	-142.684407031	156.216699764	13.5322927325
VAL	34	-155.773685222	156.276009776	0.50232455461
HIS	35	-147.104291417	118.072681204	-29.0316102126
TRP	36	57.1033480757	49.4307946617	106.534142737
VAL	37	-64.3693711712	-26.425225334	-90.7945965052
ARG	38	-121.814073569	19.0507743306	-102.763299239
GLN	39	-92.6007202347	148.359877083	55.7591568488
SER	40	-82.5049958256	141.920275327	59.4152795017
PRO	41	-137.868108196	149.36790675	11.4997985537
GLY	42	-59.6381665792	134.263069849	74.6249032702
LYS	43	-67.4995512066	-39.0322059851	-106.531757192
GLY	44	53.8404723078	-145.837394724	-91.996922416
LEU	45	-70.4491334613	-6.16544432248	-76.6145777837
GLU	46	-59.988780633	-22.1335475621	-82.122328195
TRP	47	-62.9659912237	-22.134334789	-85.1003260127
LEU	48	-63.1040303599	-27.3287338727	-90.4327642326
GLY	49	-65.1541881972	-43.9588588976	-109.113047095
VAL	50	-60.2392752279	-45.3256030351	-105.564878263
ILE	51	-53.2672011339	-51.0905839763	-104.35778511
TRP	52	-70.3399625285	-21.8505531816	-92.1905157102
SER	53	-62.8669464578	-46.9975851764	-109.864531634
GLY	54	-63.3464832164	-39.6827267196	-103.029209936
GLY	55	-61.8225430752	-47.0835730457	-108.906116121
ASN	56	-64.1569315807	-33.7523128696	-97.9092444503
THR	57	-63.1721802601	-40.1745103704	-103.346690631
ASP	58	-64.2672651705	-41.196882769	-105.46414794
TYR	59	-57.267610246	-48.1533776664	-105.420987912
ASN	60	-60.2060950657	-33.2385921513	-93.444687217
THR	61	-83.9818300048	1.41417704888	-82.567652956
PRO	62	73.1712440308	24.7555114634	97.9267554941
PHE	63	-107.384281848	-2.14828140186	-109.53256325
THR	64	-158.905610711	157.926107746	-0.979502964961
SER	65	-130.106811171	131.589053999	1.48224282868
ARG	66	-62.0707277854	-28.5585342662	-90.6292620517
LEU	67	-86.6436473754	1.68852786127	-84.9551195141
SER	68	-70.763110595	135.192999173	64.4298885779
ILE	69	-96.7692322223	132.692990491	35.9237582685
ASN	70	-113.144954537	130.41627521	17.2713206735
LYS	71	-102.369923009	133.350963976	30.9810409665
ASP	72	-141.845182048	-178.843528242	-320.68871029
ASN	73	-151.994756094	-178.730068335	-330.724824429
SER	74	-54.6426871312	-44.8251667282	-99.4678538594
LYS	75	-64.5732848124	-25.9252112876	-90.4984961
SER	76	-65.3251825658	-32.3635142322	-97.6886967979
GLN	77	-59.3414799469	130.912596956	71.5711170088
VAL	78	-114.048145912	172.594583929	58.5464380167
PHE	79	-59.6252751108	139.575196242	79.949921131
PHE	80	64.3694097422	81.335847763	145.705257505
LYS	81	-136.983065562	59.302394936	-77.680670626
MET	82	-67.0373455492	-26.3356052203	-93.3729507695
ASN	83	-93.2224651871	-54.153956553	-147.37642174
SER	84	-63.2460942773	-28.2792682362	-91.5253625135
LEU	85	-66.0617438734	-14.4050929888	-80.4668368622
GLN	86	-91.2062170139	-6.55191437483	-97.7581313887
SER	87	-128.390279849	29.7871992994	-98.6030805491
ASN	88	-63.1918467982	-37.9911477629	-101.182994561
ASP	89	-69.3079391665	-45.4090745425	-114.717013709
THR	90	-114.972727854	-4.42566438527	-119.398392239
ALA	91	79.795636252	-173.339691621	-93.5440553689
ILE	92	-142.155030748	150.229471677	8.07444092853
TYR	93	-80.3975032019	164.132573659	83.7350704575
TYR	94	-55.0061799721	-42.455732802	-97.4619127741
CYS	95	-67.8922232139	-36.0390432497	-103.931266464
ALA	96	-66.6003187904	-35.9300172647	-102.530336055
ARG	97	-69.5506906052	-41.0127850405	-110.563475646
ALA	98	-64.6207776721	-38.5936537678	-103.21443144
LEU	99	-57.9728956948	-46.964884168	-104.937779863
THR	100	-64.5977276108	-37.5557914979	-102.153519109
TYR	101	-68.1410267551	-24.6036008144	-92.7446275695
TYR	102	-101.86023199	-42.6144182262	-144.474650217
ASP	103	-68.1073445754	-48.8681694184	-116.975513994
TYR	104	-111.58536821	-3.42524495007	-115.01061316
GLU	105	63.8188088468	30.2047415219	94.0235503686
PHE	106	-62.9190035382	126.544701715	63.6256981766
ALA	107	-79.0377484888	-38.6735053974	-117.711253886
TYR	108	-64.5859141281	-38.512176928	-103.098091056
TRP	109	-56.5083306113	-44.1217611875	-100.630091799
GLY	110	-60.9608013797	-42.739238686	-103.700040066
GLN	111	-62.9633127695	-42.4938063087	-105.457119078
GLY	112	-61.0294550686	-43.7100163393	-104.739471408
THR	113	-65.9125458248	-43.974286229	-109.886832054
LEU	114	-53.4824298888	-46.2349985913	-99.7174284801
VAL	115	-55.7534300715	-35.5218481959	-91.2752782674
THR	116	-63.9319344631	-29.9601601468	-93.8920946099
VAL	117	-100.060281655	-0.813531484837	-100.87381314
SER	118	103.825009194	10.2848953363	114.10990453
ALA	119	95.3787900293	176.785170556	272.163960585
ALA	120	-48.9519311112	-46.255322889	-95.2072540002
SER	121	-55.9740591848	-38.3856015672	-94.359660752
THR	122	-75.5777409288	-30.1288181218	-105.706559051
LYS	123	-63.6585022956	-44.4483404099	-108.106842706
GLY	124	-60.5303412434	-41.5700251335	-102.100366377
PRO	125	-62.8636295092	-39.497572903	-102.361202412
SER	126	-60.825351196	-47.7334874636	-108.55883866
VAL	127	-56.9314710013	-50.4731412776	-107.404612279
PHE	128	-57.1083555602	-45.368221511	-102.476577071
PRO	129	-64.1032207229	-19.8189437663	-83.9221644891
LEU	130	-98.0294032204	6.59950147681	-91.4299017436
ALA	131	97.901737938	9.97652489215	107.87826283
PRO	132	-97.5984594016	97.5781010662	-0.0203583353358
SER	133	-93.4531828074	19.9488315013	-73.5043513061
SER	134	-119.004793561	-57.3510348672	-176.355828428
LYS	135	-63.6919523727	137.970067554	74.2781151817
SER	136	-146.183938485	136.414467379	-9.76947110563
THR	137	-110.838774507	135.185056265	24.3462817581
SER	138	-123.88184775	-30.9526786247	-154.834526374
GLY	139	-126.704840526	175.762999298	49.0581587718
GLY	140	-105.565995846	174.258561702	68.6925658568
THR	141	-74.1575912592	132.837728023	58.6801367638
ALA	142	-94.6757280412	-17.207132328	-111.882860369
ALA	143	-64.7370471999	-22.4112126638	-87.1482598637
LEU	144	-64.8367832003	-13.6076012708	-78.4443844711
GLY	145	-91.3457011822	5.93899452463	-85.4067066575
CYS	146	-54.1016393194	-38.7088178363	-92.8104571557
LEU	147	59.6149957522	40.7508416028	100.365837355
VAL	148	-65.1199030584	133.050192212	67.930289154
LYS	149	-56.8348090673	135.10054303	78.2657339625
ASP	150	72.4499751885	1.61590676459	74.0658819531
TYR	151	-82.2273413527	132.211500967	49.9841596146
PHE	152	-89.71209155	-10.1222536024	-99.8343451525
PRO	153	-56.6094698646	138.17861786	81.5691479953
GLU	154	61.9664147748	34.8949148174	96.8613295922
PRO	155	-118.225350781	161.74344574	43.5180949596
VAL	156	-136.767109481	-176.270059659	-313.037169141
THR	157	-119.819041798	158.332126583	38.5130847848
VAL	158	-54.5102808856	-45.3292522863	-99.8395331719
SER	159	-64.5944851477	-43.5777977667	-108.172282914
TRP	160	-64.6493141876	-45.0269873212	-109.676301509
ASN	161	-63.6386902271	-43.6451031616	-107.283793389
SER	162	-63.1232102622	-41.9517718204	-105.074982083
GLY	163	-62.7172406214	-46.1389934617	-108.856234083
ALA	164	-64.581248695	-43.6727303566	-108.253979052
LEU	165	-61.6624555173	-41.9165458224	-103.57900134
THR	166	-57.8300640286	-44.8438307841	-102.673894813
SER	167	-60.1009556256	-51.5633105452	-111.664266171
GLY	168	-60.6870841599	-40.51881046	-101.20589462
VAL	169	-81.6350560215	-23.2209384796	-104.855994501
HIS	170	-133.887170142	-10.1616473935	-144.048817535
THR	171	-89.5557873683	-176.085639067	-265.641426435
PHE	172	-86.6829897801	3.21983108387	-83.4631586962
PRO	173	-53.5321415762	-48.805300648	-102.337442224
ALA	174	-107.918531455	153.830147508	45.9116160534
VAL	175	-58.677717843	162.410785747	103.733067904
LEU	176	-55.3540767712	-47.0238255157	-102.377902287
GLN	177	-68.7564034173	-34.0658197783	-102.822223196
SER	178	-69.2279625496	-49.1885815031	-118.416544053
SER	179	-58.2045444023	-32.7168713981	-90.9214158005
GLY	180	-66.4121630902	-39.7146057903	-106.12676888
LEU	181	-65.6984447686	-36.177742566	-101.876187335
TYR	182	-60.4802335588	-47.7253651264	-108.205598685
SER	183	-70.6051908377	-31.5485837553	-102.153774593
LEU	184	-63.9657464993	-44.5119557272	-108.477702227
SER	185	-56.043683573	-44.139639707	-100.18332328
SER	186	-65.5610386599	-30.9852159118	-96.5462545717
VAL	187	-66.2937140915	-34.1227869004	-100.416500992
VAL	188	-76.8381440903	145.282652039	68.4445079491
THR	189	-164.966086732	137.679108457	-27.286978275
VAL	190	-126.620234517	3.82063359511	-122.799600922
PRO	191	-132.534042603	-18.4351827497	-150.969225353
SER	192	-100.684345391	15.4821098243	-85.2022355665
SER	193	-52.0092590471	-41.9172271319	-93.926486179
SER	194	-69.4286971644	-7.28723749207	-76.7159346564
LEU	195	-97.4962027313	-129.562294408	-227.058497139
GLY	196	-59.2880658803	-36.9950539967	-96.283119877
THR	197	-55.5052365327	-33.8728739474	-89.3781104801
GLN	198	-70.4193026905	-13.8417296769	-84.2610323674
THR	199	-107.127750667	-6.77178203006	-113.899532697
TYR	200	-75.9586156138	126.887838323	50.9292227093
ILE	201	-67.9770057682	157.183378902	89.2063731335
CYS	202	-58.1386319836	137.192927599	79.0542956154
ASN	203	89.5072985204	-15.2908675328	74.2164309876
VAL	204	-78.3393299665	151.10224794	72.7629179731
ASN	205	-89.8915575207	144.342033145	54.4504756245
HIS	206	-144.484103351	143.437852692	-1.04625065863
LYS	207	-132.100444935	120.272267922	-11.8281770131
PRO	208	-143.495517466	172.071404946	28.5758874803
SER	209	-154.575098219	124.95718436	-29.617913859
ASN	210	-94.8200175787	169.822426776	75.0024091977
THR	211	-148.646992285	150.688963024	2.04197073888
LYS	212	-145.003859675	142.019033114	-2.98482656135
VAL	213	-148.155485846	-161.185539418	-309.341025264
ASP	214	-71.6686783062	167.319651993	95.6509736864
LYS	215	56.8512875853	37.309642236	94.1609298213
ARG	216	75.5685541814	3.98347635055	79.5520305319
VAL	217	-64.4842293327	137.071866126	72.5876367929
GLU	218	-156.789681676	147.065335532	-9.7243461442
PRO	219	-170.499010535	173.164544066	2.66553353014
LYS	220	-155.656074521	145.505037793	-10.1510367283
SER	221	-119.631323528	143.996615687	24.3652921596
ASP	1	0.0	141.292278322	141.292278322
ILE	2	-62.9490657489	-12.6156590405	-75.5647247894
LEU	3	-62.081481028	-29.813588229	-91.895069257
LEU	4	-72.9029277153	-35.6146233109	-108.517551026
THR	5	-61.9759009169	-33.9932938806	-95.9691947975
GLN	6	-53.5575125253	-52.0766149323	-105.634127458
SER	7	-65.3738301805	-36.5805317138	-101.954361894
PRO	8	-63.7529911468	-44.0082280257	-107.761219173
VAL	9	-61.9852787191	-39.4276494811	-101.4129282
ILE	10	-63.9457439369	-38.0126763139	-101.958420251
LEU	11	-61.1623420197	-42.7156480826	-103.877990102
SER	12	-57.6708807163	-42.2245612718	-99.8954419881
VAL	13	-54.9025595968	-48.680169911	-103.582729508
SER	14	-70.7166328465	-42.043478204	-112.76011105
PRO	15	-85.8676775219	-12.7645886617	-98.6322661837
GLY	16	68.6764779975	26.1418142616	94.8182922592
GLU	17	-155.192139407	166.757248961	11.565109554
ARG	18	-81.3886252628	143.312634246	61.9240089836
VAL	19	-123.085297291	134.830595064	11.7452977733
SER	20	-111.923929391	146.064224687	34.1402952969
PHE	21	-155.05688417	142.550569281	-12.5063148887
SER	22	-152.03091245	150.682476666	-1.34843578431
CYS	23	-122.098597811	124.309944254	2.21134644292
ARG	24	-128.013771317	128.009060049	-0.00471126801486
ALA	25	-70.2995184989	128.080554459	57.7810359601
SER	26	-68.7910195598	-43.2451167071	-112.036136267
GLN	27	-68.2712649354	-52.7195230077	-120.990787943
SER	28	-92.047446192	-15.3010977337	-107.348543926
ILE	29	77.6796454124	8.6047016631	86.2843470755
GLY	30	-78.1686893749	133.151190393	54.9825010178
THR	31	-77.2279499207	116.323620033	39.0956701121
ASN	32	-83.6485940443	-48.2684482762	-131.917042321
ILE	33	-142.684407031	156.216699764	13.5322927325
HIS	34	-155.773685222	156.276009776	0.50232455461
TRP	35	-147.104291417	118.072681204	-29.0316102126
TYR	36	57.1033480757	49.4307946617	106.534142737
GLN	37	-64.3693711712	-26.425225334	-90.7945965052
GLN	38	-121.814073569	19.0507743306	-102.763299239
ARG	39	-92.6007202347	148.359877083	55.7591568488
THR	40	-82.5049958256	141.920275327	59.4152795017
ASN	41	-137.868108196	149.36790675	11.4997985537
GLY	42	-59.6381665792	134.263069849	74.6249032702
SER	43	-67.4995512066	-39.0322059851	-106.531757192
PRO	44	53.8404723078	-145.837394724	-91.996922416
ARG	45	-70.4491334613	-6.16544432248	-76.6145777837
LEU	46	-59.988780633	-22.1335475621	-82.122328195
LEU	47	-62.9659912237	-22.134334789	-85.1003260127
ILE	48	-63.1040303599	-27.3287338727	-90.4327642326
LYS	49	-65.1541881972	-43.9588588976	-109.113047095
TYR	50	-60.2392752279	-45.3256030351	-105.564878263
ALA	51	-53.2672011339	-51.0905839763	-104.35778511
SER	52	-70.3399625285	-21.8505531816	-92.1905157102
GLU	53	-62.8669464578	-46.9975851764	-109.864531634
SER	54	-63.3464832164	-39.6827267196	-103.029209936
ILE	55	-61.8225430752	-47.0835730457	-108.906116121
SER	56	-64.1569315807	-33.7523128696	-97.9092444503
GLY	57	-63.1721802601	-40.1745103704	-103.346690631
ILE	58	-64.2672651705	-41.196882769	-105.46414794
PRO	59	-57.267610246	-48.1533776664	-105.420987912
SER	60	-60.2060950657	-33.2385921513	-93.444687217
ARG	61	-83.9818300048	1.41417704888	-82.567652956
PHE	62	73.1712440308	24.7555114634	97.9267554941
SER	63	-107.384281848	-2.14828140186	-109.53256325
GLY	64	-158.905610711	157.926107746	-0.979502964961
SER	65	-130.106811171	131.589053999	1.48224282868
GLY	66	-62.0707277854	-28.5585342662	-90.6292620517
SER	67	-86.6436473754	1.68852786127	-84.9551195141
GLY	68	-70.763110595	135.192999173	64.4298885779
THR	69	-96.7692322223	132.692990491	35.9237582685
ASP	70	-113.144954537	130.41627521	17.2713206735
PHE	71	-102.369923009	133.350963976	30.9810409665
THR	72	-141.845182048	-178.843528242	-320.68871029
LEU	73	-151.994756094	-178.730068335	-330.724824429
SER	74	-54.6426871312	-44.8251667282	-99.4678538594
ILE	75	-64.5732848124	-25.9252112876	-90.4984961
ASN	76	-65.3251825658	-32.3635142322	-97.6886967979
SER	77	-59.3414799469	130.912596956	71.5711170088
VAL	78	-114.048145912	172.594583929	58.5464380167
GLU	79	-59.6252751108	139.575196242	79.949921131
SER	80	64.3694097422	81.335847763	145.705257505
GLU	81	-136.983065562	59.302394936	-77.680670626
ASP	82	-67.0373455492	-26.3356052203	-93.3729507695
ILE	83	-93.2224651871	-54.153956553	-147.37642174
ALA	84	-63.2460942773	-28.2792682362	-91.5253625135
ASP	85	-66.0617438734	-14.4050929888	-80.4668368622
TYR	86	-91.2062170139	-6.55191437483	-97.7581313887
TYR	87	-128.390279849	29.7871992994	-98.6030805491
CYS	88	-63.1918467982	-37.9911477629	-101.182994561
GLN	89	-69.3079391665	-45.4090745425	-114.717013709
GLN	90	-114.972727854	-4.42566438527	-119.398392239
ASN	91	79.795636252	-173.339691621	-93.5440553689
ASN	92	-142.155030748	150.229471677	8.07444092853
ASN	93	-80.3975032019	164.132573659	83.7350704575
TRP	94	-55.0061799721	-42.455732802	-97.4619127741
PRO	95	-67.8922232139	-36.0390432497	-103.931266464
THR	96	-66.6003187904	-35.9300172647	-102.530336055
THR	97	-69.5506906052	-41.0127850405	-110.563475646
PHE	98	-64.6207776721	-38.5936537678	-103.21443144
GLY	99	-57.9728956948	-46.964884168	-104.937779863
ALA	100	-64.5977276108	-37.5557914979	-102.153519109
GLY	101	-68.1410267551	-24.6036008144	-92.7446275695
THR	102	-101.86023199	-42.6144182262	-144.474650217
LYS	103	-68.1073445754	-48.8681694184	-116.975513994
LEU	104	-111.58536821	-3.42524495007	-115.01061316
GLU	105	63.8188088468	30.2047415219	94.0235503686
LEU	106	-62.9190035382	126.544701715	63.6256981766
LYS	107	-79.0377484888	-38.6735053974	-117.711253886
ARG	108	-64.5859141281	-38.512176928	-103.098091056
THR	109	-56.5083306113	-44.1217611875	-100.630091799
VAL	110	-60.9608013797	-42.739238686	-103.700040066
ALA	111	-62.9633127695	-42.4938063087	-105.457119078
ALA	112	-61.0294550686	-43.7100163393	-104.739471408
PRO	113	-65.9125458248	-43.974286229	-109.886832054
SER	114	-53.4824298888	-46.2349985913	-99.7174284801
VAL	115	-55.7534300715	-35.5218481959	-91.2752782674
PHE	116	-63.9319344631	-29.9601601468	-93.8920946099
ILE	117	-100.060281655	-0.813531484837	-100.87381314
PHE	118	103.825009194	10.2848953363	114.10990453
PRO	119	95.3787900293	176.785170556	272.163960585
PRO	120	-48.9519311112	-46.255322889	-95.2072540002
SER	121	-55.9740591848	-38.3856015672	-94.359660752
ASP	122	-75.5777409288	-30.1288181218	-105.706559051
GLU	123	-63.6585022956	-44.4483404099	-108.106842706
GLN	124	-60.5303412434	-41.5700251335	-102.100366377
LEU	125	-62.8636295092	-39.497572903	-102.361202412
LYS	126	-60.825351196	-47.7334874636	-108.55883866
SER	127	-56.9314710013	-50.4731412776	-107.404612279
GLY	128	-57.1083555602	-45.368221511	-102.476577071
THR	129	-64.1032207229	-19.8189437663	-83.9221644891
ALA	130	-98.0294032204	6.59950147681	-91.4299017436
SER	131	97.901737938	9.97652489215	107.87826283
VAL	132	-97.5984594016	97.5781010662	-0.0203583353358
VAL	133	-93.4531828074	19.9488315013	-73.5043513061
CYS	134	-119.004793561	-57.3510348672	-176.355828428
LEU	135	-63.6919523727	137.970067554	74.2781151817
LEU	136	-146.183938485	136.414467379	-9.76947110563
ASN	137	-110.838774507	135.185056265	24.3462817581
ASN	138	-123.88184775	-30.9526786247	-154.834526374
PHE	139	-126.704840526	175.762999298	49.0581587718
TYR	140	-105.565995846	174.258561702	68.6925658568
PRO	141	-74.1575912592	132.837728023	58.6801367638
ARG	142	-94.6757280412	-17.207132328	-111.882860369
GLU	143	-64.7370471999	-22.4112126638	-87.1482598637
ALA	144	-64.8367832003	-13.6076012708	-78.4443844711
LYS	145	-91.3457011822	5.93899452463	-85.4067066575
VAL	146	-54.1016393194	-38.7088178363	-92.8104571557
GLN	147	59.6149957522	40.7508416028	100.365837355
TRP	148	-65.1199030584	133.050192212	67.930289154
LYS	149	-56.8348090673	135.10054303	78.2657339625
VAL	150	72.4499751885	1.61590676459	74.0658819531
ASP	151	-82.2273413527	132.211500967	49.9841596146
ASN	152	-89.71209155	-10.1222536024	-99.8343451525
ALA	153	-56.6094698646	138.17861786	81.5691479953
LEU	154	61.9664147748	34.8949148174	96.8613295922
GLN	155	-118.225350781	161.74344574	43.5180949596
SER	156	-136.767109481	-176.270059659	-313.037169141
GLY	157	-119.819041798	158.332126583	38.5130847848
ASN	158	-54.5102808856	-45.3292522863	-99.8395331719
SER	159	-64.5944851477	-43.5777977667	-108.172282914
GLN	160	-64.6493141876	-45.0269873212	-109.676301509
GLU	161	-63.6386902271	-43.6451031616	-107.283793389
SER	162	-63.1232102622	-41.9517718204	-105.074982083
VAL	163	-62.7172406214	-46.1389934617	-108.856234083
THR	164	-64.581248695	-43.6727303566	-108.253979052
GLU	165	-61.6624555173	-41.9165458224	-103.57900134
GLN	166	-57.8300640286	-44.8438307841	-102.673894813
ASP	167	-60.1009556256	-51.5633105452	-111.664266171
SER	168	-60.6870841599	-40.51881046	-101.20589462
LYS	169	-81.6350560215	-23.2209384796	-104.855994501
ASP	170	-133.887170142	-10.1616473935	-144.048817535
SER	171	-89.5557873683	-176.085639067	-265.641426435
THR	172	-86.6829897801	3.21983108387	-83.4631586962
TYR	173	-53.5321415762	-48.805300648	-102.337442224
SER	174	-107.918531455	153.830147508	45.9116160534
LEU	175	-58.677717843	162.410785747	103.733067904
SER	176	-55.3540767712	-47.0238255157	-102.377902287
SER	177	-68.7564034173	-34.0658197783	-102.822223196
THR	178	-69.2279625496	-49.1885815031	-118.416544053
LEU	179	-58.2045444023	-32.7168713981	-90.9214158005
THR	180	-66.4121630902	-39.7146057903	-106.12676888
LEU	181	-65.6984447686	-36.177742566	-101.876187335
SER	182	-60.4802335588	-47.7253651264	-108.205598685
LYS	183	-70.6051908377	-31.5485837553	-102.153774593
ALA	184	-63.9657464993	-44.5119557272	-108.477702227
ASP	185	-56.043683573	-44.139639707	-100.18332328
TYR	186	-65.5610386599	-30.9852159118	-96.5462545717
GLU	187	-66.2937140915	-34.1227869004	-100.416500992
LYS	188	-76.8381440903	145.282652039	68.4445079491
HIS	189	-164.966086732	137.679108457	-27.286978275
LYS	190	-126.620234517	3.82063359511	-122.799600922
VAL	191	-132.534042603	-18.4351827497	-150.969225353
TYR	192	-100.684345391	15.4821098243	-85.2022355665
ALA	193	-52.0092590471	-41.9172271319	-93.926486179
CYS	194	-69.4286971644	-7.28723749207	-76.7159346564
GLU	195	-97.4962027313	-129.562294408	-227.058497139
VAL	196	-59.2880658803	-36.9950539967	-96.283119877
THR	197	-55.5052365327	-33.8728739474	-89.3781104801
HIS	198	-70.4193026905	-13.8417296769	-84.2610323674
GLN	199	-107.127750667	-6.77178203006	-113.899532697
GLY	200	-75.9586156138	126.887838323	50.9292227093
LEU	201	-67.9770057682	157.183378902	89.2063731335
SER	202	-58.1386319836	137.192927599	79.0542956154
SER	203	89.5072985204	-15.2908675328	74.2164309876
PRO	204	-78.3393299665	151.10224794	72.7629179731
VAL	205	-89.8915575207	144.342033145	54.4504756245
THR	206	-144.484103351	143.437852692	-1.04625065863
LYS	207	-132.100444935	120.272267922	-11.8281770131
SER	208	-143.495517466	172.071404946	28.5758874803
PHE	209	-154.575098219	124.95718436	-29.617913859
ASN	210	-94.8200175787	169.822426776	75.0024091977
ARG	211	-148.646992285	150.688963024	2.04197073888
GLY	212	-145.003859675	142.019033114	-2.98482656135
ALA	213	-148.155485846	-161.185539418	-309.341025264
GLN	1	0.0	141.292278322	141.292278322
VAL	2	-62.9490657489	-12.6156590405	-75.5647247894
GLN	3	-62.081481028	-29.813588229	-91.895069257
LEU	4	-72.9029277153	-35.6146233109	-108.517551026
LYS	5	-61.9759009169	-33.9932938806	-95.9691947975
GLN	6	-53.5575125253	-52.0766149323	-105.634127458
SER	7	-65.3738301805	-36.5805317138	-101.954361894
GLY	8	-63.7529911468	-44.0082280257	-107.761219173
PRO	9	-61.9852787191	-39.4276494811	-101.4129282
GLY	10	-63.9457439369	-38.0126763139	-101.958420251
LEU	11	-61.1623420197	-42.7156480826	-103.877990102
VAL	12	-57.6708807163	-42.2245612718	-99.8954419881
GLN	13	-54.9025595968	-48.680169911	-103.582729508
PRO	14	-70.7166328465	-42.043478204	-112.76011105
SER	15	-85.8676775219	-12.7645886617	-98.6322661837
GLN	16	68.6764779975	26.1418142616	94.8182922592
SER	17	-155.192139407	166.757248961	11.565109554
LEU	18	-81.3886252628	143.312634246	61.9240089836
SER	19	-123.085297291	134.830595064	11.7452977733
ILE	20	-111.923929391	146.064224687	34.1402952969
THR	21	-155.05688417	142.550569281	-12.5063148887
CYS	22	-152.03091245	150.682476666	-1.34843578431
THR	23	-122.098597811	124.309944254	2.21134644292
VAL	24	-128.013771317	128.009060049	-0.00471126801486
SER	25	-70.2995184989	128.080554459	57.7810359601
GLY	26	-68.7910195598	-43.2451167071	-112.036136267
PHE	27	-68.2712649354	-52.7195230077	-120.990787943
SER	28	-92.047446192	-15.3010977337	-107.348543926
LEU	29	77.6796454124	8.6047016631	86.2843470755
THR	30	-78.1686893749	133.151190393	54.9825010178
ASN	31	-77.2279499207	116.323620033	39.0956701121
TYR	32	-83.6485940443	-48.2684482762	-131.917042321
GLY	33	-142.684407031	156.216699764	13.5322927325
VAL	34	-155.773685222	156.276009776	0.50232455461
HIS	35	-147.104291417	118.072681204	-29.0316102126
TRP	36	57.1033480757	49.4307946617	106.534142737
VAL	37	-64.3693711712	-26.425225334	-90.7945965052
ARG	38	-121.814073569	19.0507743306	-102.763299239
GLN	39	-92.6007202347	148.359877083	55.7591568488
SER	40	-82.5049958256	141.920275327	59.4152795017
PRO	41	-137.868108196	149.36790675	11.4997985537
GLY	42	-59.6381665792	134.263069849	74.6249032702
LYS	43	-67.4995512066	-39.0322059851	-106.531757192
GLY	44	53.8404723078	-145.837394724	-91.996922416
LEU	45	-70.4491334613	-6.16544432248	-76.6145777837
GLU	46	-59.988780633	-22.1335475621	-82.122328195
TRP	47	-62.9659912237	-22.134334789	-85.1003260127
LEU	48	-63.1040303599	-27.3287338727	-90.4327642326
GLY	49	-65.1541881972	-43.9588588976	-109.113047095
VAL	50	-60.2392752279	-45.3256030351	-105.564878263
ILE	51	-53.2672011339	-51.0905839763	-104.35778511
TRP	52	-70.3399625285	-21.8505531816	-92.1905157102
SER	53	-62.8669464578	-46.9975851764	-109.864531634
GLY	54	-63.3464832164	-39.6827267196	-103.029209936
GLY	55	-61.8225430752	-47.0835730457	-108.906116121
ASN	56	-64.1569315807	-33.7523128696	-97.9092444503
THR	57	-63.1721802601	-40.1745103704	-103.346690631
ASP	58	-64.2672651705	-41.196882769	-105.46414794
TYR	59	-57.267610246	-48.1533776664	-105.420987912
ASN	60	-60.2060950657	-33.2385921513	-93.444687217
THR	61	-83.9818300048	1.41417704888	-82.567652956
PRO	62	73.1712440308	24.7555114634	97.9267554941
PHE	63	-107.384281848	-2.14828140186	-109.53256325
THR	64	-158.905610711	157.926107746	-0.979502964961
SER	65	-130.106811171	131.589053999	1.48224282868
ARG	66	-62.0707277854	-28.5585342662	-90.6292620517
LEU	67	-86.6436473754	1.68852786127	-84.9551195141
SER	68	-70.763110595	135.192999173	64.4298885779
ILE	69	-96.7692322223	132.692990491	35.9237582685
ASN	70	-113.144954537	130.41627521	17.2713206735
LYS	71	-102.369923009	133.350963976	30.9810409665
ASP	72	-141.845182048	-178.843528242	-320.68871029
ASN	73	-151.994756094	-178.730068335	-330.724824429
SER	74	-54.6426871312	-44.8251667282	-99.4678538594
LYS	75	-64.5732848124	-25.9252112876	-90.4984961
SER	76	-65.3251825658	-32.3635142322	-97.6886967979
GLN	77	-59.3414799469	130.912596956	71.5711170088
VAL	78	-114.048145912	172.594583929	58.5464380167
PHE	79	-59.6252751108	139.575196242	79.949921131
PHE	80	64.3694097422	81.335847763	145.705257505
LYS	81	-136.983065562	59.302394936	-77.680670626
MET	82	-67.0373455492	-26.3356052203	-93.3729507695
ASN	83	-93.2224651871	-54.153956553	-147.37642174
SER	84	-63.2460942773	-28.2792682362	-91.5253625135
LEU	85	-66.0617438734	-14.4050929888	-80.4668368622
GLN	86	-91.2062170139	-6.55191437483	-97.7581313887
SER	87	-128.390279849	29.7871992994	-98.6030805491
ASN	88	-63.1918467982	-37.9911477629	-101.182994561
ASP	89	-69.3079391665	-45.4090745425	-114.717013709
THR	90	-114.972727854	-4.42566438527	-119.398392239
ALA	91	79.795636252	-173.339691621	-93.5440553689
ILE	92	-142.155030748	150.229471677	8.07444092853
TYR	93	-80.3975032019	164.132573659	83.7350704575
TYR	94	-55.0061799721	-42.455732802	-97.4619127741
CYS	95	-67.8922232139	-36.0390432497	-103.931266464
ALA	96	-66.6003187904	-35.9300172647	-102.530336055
ARG	97	-69.5506906052	-41.0127850405	-110.563475646
ALA	98	-64.6207776721	-38.5936537678	-103.21443144
LEU	99	-57.9728956948	-46.964884168	-104.937779863
THR	100	-64.5977276108	-37.5557914979	-102.153519109
TYR	101	-68.1410267551	-24.6036008144	-92.7446275695
TYR	102	-101.86023199	-42.6144182262	-144.474650217
ASP	103	-68.1073445754	-48.8681694184	-116.975513994
TYR	104	-111.58536821	-3.42524495007	-115.01061316
GLU	105	63.8188088468	30.2047415219	94.0235503686
PHE	106	-62.9190035382	126.544701715	63.6256981766
ALA	107	-79.0377484888	-38.6735053974	-117.711253886
TYR	108	-64.5859141281	-38.512176928	-103.098091056
TRP	109	-56.5083306113	-44.1217611875	-100.630091799
GLY	110	-60.9608013797	-42.739238686	-103.700040066
GLN	111	-62.9633127695	-42.4938063087	-105.457119078
GLY	112	-61.0294550686	-43.7100163393	-104.739471408
THR	113	-65.9125458248	-43.974286229	-109.886832054
LEU	114	-53.4824298888	-46.2349985913	-99.7174284801
VAL	115	-55.7534300715	-35.5218481959	-91.2752782674
THR	116	-63.9319344631	-29.9601601468	-93.8920946099
VAL	117	-100.060281655	-0.813531484837	-100.87381314
SER	118	103.825009194	10.2848953363	114.10990453
ALA	119	95.3787900293	176.785170556	272.163960585
ALA	120	-48.9519311112	-46.255322889	-95.2072540002
SER	121	-55.9740591848	-38.3856015672	-94.359660752
THR	122	-75.5777409288	-30.1288181218	-105.706559051
LYS	123	-63.6585022956	-44.4483404099	-108.106842706
GLY	124	-60.5303412434	-41.5700251335	-102.100366377
PRO	125	-62.8636295092	-39.497572903	-102.361202412
SER	126	-60.825351196	-47.7334874636	-108.55883866
VAL	127	-56.9314710013	-50.4731412776	-107.404612279
PHE	128	-57.1083555602	-45.368221511	-102.476577071
PRO	129	-64.1032207229	-19.8189437663	-83.9221644891
LEU	130	-98.0294032204	6.59950147681	-91.4299017436
ALA	131	97.901737938	9.97652489215	107.87826283
PRO	132	-97.5984594016	97.5781010662	-0.0203583353358
SER	133	-93.4531828074	19.9488315013	-73.5043513061
SER	134	-119.004793561	-57.3510348672	-176.355828428
LYS	135	-63.6919523727	137.970067554	74.2781151817
SER	136	-146.183938485	136.414467379	-9.76947110563
THR	137	-110.838774507	135.185056265	24.3462817581
SER	138	-123.88184775	-30.9526786247	-154.834526374
GLY	139	-126.704840526	175.762999298	49.0581587718
GLY	140	-105.565995846	174.258561702	68.6925658568
THR	141	-74.1575912592	132.837728023	58.6801367638
ALA	142	-94.6757280412	-17.207132328	-111.882860369
ALA	143	-64.7370471999	-22.4112126638	-87.1482598637
LEU	144	-64.8367832003	-13.6076012708	-78.4443844711
GLY	145	-91.3457011822	5.93899452463	-85.4067066575
CYS	146	-54.1016393194	-38.7088178363	-92.8104571557
LEU	147	59.6149957522	40.7508416028	100.365837355
VAL	148	-65.1199030584	133.050192212	67.930289154
LYS	149	-56.8348090673	135.10054303	78.2657339625
ASP	150	72.4499751885	1.61590676459	74.0658819531
TYR	151	-82.2273413527	132.211500967	49.9841596146
PHE	152	-89.71209155	-10.1222536024	-99.8343451525
PRO	153	-56.6094698646	138.17861786	81.5691479953
GLU	154	61.9664147748	34.8949148174	96.8613295922
PRO	155	-118.225350781	161.74344574	43.5180949596
VAL	156	-136.767109481	-176.270059659	-313.037169141
THR	157	-119.819041798	158.332126583	38.5130847848
VAL	158	-54.5102808856	-45.3292522863	-99.8395331719
SER	159	-64.5944851477	-43.5777977667	-108.172282914
TRP	160	-64.6493141876	-45.0269873212	-109.676301509
ASN	161	-63.6386902271	-43.6451031616	-107.283793389
SER	162	-63.1232102622	-41.9517718204	-105.074982083
GLY	163	-62.7172406214	-46.1389934617	-108.856234083
ALA	164	-64.581248695	-43.6727303566	-108.253979052
LEU	165	-61.6624555173	-41.9165458224	-103.57900134
THR	166	-57.8300640286	-44.8438307841	-102.673894813
SER	167	-60.1009556256	-51.5633105452	-111.664266171
GLY	168	-60.6870841599	-40.51881046	-101.20589462
VAL	169	-81.6350560215	-23.2209384796	-104.855994501
HIS	170	-133.887170142	-10.1616473935	-144.048817535
THR	171	-89.5557873683	-176.085639067	-265.641426435
PHE	172	-86.6829897801	3.21983108387	-83.4631586962
PRO	173	-53.5321415762	-48.805300648	-102.337442224
ALA	174	-107.918531455	153.830147508	45.9116160534
VAL	175	-58.677717843	162.410785747	103.733067904
LEU	176	-55.3540767712	-47.0238255157	-102.377902287
GLN	177	-68.7564034173	-34.0658197783	-102.822223196
SER	178	-69.2279625496	-49.1885815031	-118.416544053
SER	179	-58.2045444023	-32.7168713981	-90.9214158005
GLY	180	-66.4121630902	-39.7146057903	-106.12676888
LEU	181	-65.6984447686	-36.177742566	-101.876187335
TYR	182	-60.4802335588	-47.7253651264	-108.205598685
SER	183	-70.6051908377	-31.5485837553	-102.153774593
LEU	184	-63.9657464993	-44.5119557272	-108.477702227
SER	185	-56.043683573	-44.139639707	-100.18332328
SER	186	-65.5610386599	-30.9852159118	-96.5462545717
VAL	187	-66.2937140915	-34.1227869004	-100.416500992
VAL	188	-76.8381440903	145.282652039	68.4445079491
THR	189	-164.966086732	137.679108457	-27.286978275
VAL	190	-126.620234517	3.82063359511	-122.799600922
PRO	191	-132.534042603	-18.4351827497	-150.969225353
SER	192	-100.684345391	15.4821098243	-85.2022355665
SER	193	-52.0092590471	-41.9172271319	-93.926486179
SER	194	-69.4286971644	-7.28723749207	-76.7159346564
LEU	195	-97.4962027313	-129.562294408	-227.058497139
GLY	196	-59.2880658803	-36.9950539967	-96.283119877
THR	197	-55.5052365327	-33.8728739474	-89.3781104801
GLN	198	-70.4193026905	-13.8417296769	-84.2610323674
THR	199	-107.127750667	-6.77178203006	-113.899532697
TYR	200	-75.9586156138	126.887838323	50.9292227093
ILE	201	-67.9770057682	157.183378902	89.2063731335
CYS	202	-58.1386319836	137.192927599	79.0542956154
ASN	203	89.5072985204	-15.2908675328	74.2164309876
VAL	204	-78.3393299665	151.10224794	72.7629179731
ASN	205	-89.8915575207	144.342033145	54.4504756245
HIS	206	-144.484103351	143.437852692	-1.04625065863
LYS	207	-132.100444935	120.272267922	-11.8281770131
PRO	208	-143.495517466	172.071404946	28.5758874803
SER	209	-154.575098219	124.95718436	-29.617913859
ASN	210	-94.8200175787	169.822426776	75.0024091977
THR	211	-148.646992285	150.688963024	2.04197073888
LYS	212	-145.003859675	142.019033114	-2.98482656135
VAL	213	-148.155485846	-161.185539418	-309.341025264
ASP	214	-71.6686783062	167.319651993	95.6509736864
LYS	215	56.8512875853	37.309642236	94.1609298213
ARG	216	75.5685541814	3.98347635055	79.5520305319
VAL	217	-64.4842293327	137.071866126	72.5876367929
GLU	218	-156.789681676	147.065335532	-9.7243461442
PRO	219	-170.499010535	173.164544066	2.66553353014
LYS	220	-155.656074521	145.505037793	-10.1510367283
SER	221	-119.631323528	143.996615687	24.3652921596
