1	176.827788688	-152.68154755
1	-127.272029786	34.996203961
1	178.668323561	135.467404349
1	-136.922202277	178.97606929
1	-174.807323556	84.6753729914
1	-61.9793009947	-60.659872858
1	-158.81410267	-176.616172393
1	-146.808910442	163.590373503
1	-25.5824730182	-80.5758083087
1	-170.742886038	70.2837893672
2	139.873815291	163.923424727
2	161.745917829	-101.360380044
2	-70.0996205108	-17.5735066676
2	-132.189911674	168.255785572
2	-176.060568121	161.702426294
2	-127.062053791	-167.90276422
2	-163.255287746	164.071716439
2	-84.1074349692	111.88387849
2	-77.5347459336	155.735882872
2	-130.399526908	173.404236846
3	111.622126645	65.4806144535
3	-98.3627301871	73.5159827578
3	-156.408736159	50.3244727453
3	-156.167941849	157.603509135
3	-131.595793975	159.686115105
3	-116.099660858	160.60981872
3	-161.594122676	151.433814479
3	-135.246775918	-37.8862605415
3	-159.212533626	103.64984701
3	-96.6858900307	94.3471463977
4	-17.2149732443	101.582635828
4	-159.037424434	-127.78612508
4	-122.988603879	164.264599264
4	-141.97466825	20.7024372706
4	-155.272779537	178.138145034
4	-132.410011003	141.043005976
4	-157.80534199	65.151656608
4	-102.247076223	174.231155227
4	-130.761491931	144.790815672
4	-147.459401114	-94.6148840007
5	165.618694485	-165.35243204
5	-100.052188658	-147.228807085
5	-172.367765808	150.639605657
5	-159.207051218	72.7744819796
5	-115.359994622	-164.328965016
5	-84.1322153903	-94.9836182501
5	-132.845037358	176.328270192
5	-62.998634581	-100.590149938
5	-102.866888551	-177.599474755
5	-65.7704003149	121.384943886
6	-163.562965764	157.064925635
6	-143.723846485	-97.1088925642
6	-108.514203407	175.892121838
6	-79.9052028715	154.607903782
6	-111.801529511	-28.0501465203
6	-162.08153515	73.4282633655
6	-143.094720578	-151.485456563
6	-46.8642059903	115.51124343
6	-113.516741751	-80.1276722091
6	-176.457445373	-86.0586768927
7	-38.6019804185	116.584728891
7	-141.818876066	-84.9632711016
7	-99.4478536107	161.441295001
7	-114.159307737	123.011009826
7	-81.6253232229	156.225465341
7	176.593813439	76.9297070798
7	-153.224471769	178.923729838
7	-157.655655763	163.288160584
7	-127.021748536	117.629726452
7	-67.9029818795	-117.411639824
8	-139.992282621	-42.806987796
8	-41.8107974937	-60.1442048638
8	172.66249207	178.565252433
8	-100.606377624	-139.743125342
8	-179.193726486	117.567378136
8	-162.055676112	109.687485208
8	-177.993275503	110.895109679
8	-107.694931107	-169.871792759
8	-155.312838847	-176.957871049
8	-128.63818727	140.241257129
9	168.382913302	174.800181856
9	-131.541878106	143.98083902
9	-159.102386415	167.813559497
9	-166.996552859	15.0224030707
9	-144.15247126	157.705207432
9	-84.1061436622	108.765022837
9	-155.167394311	162.583472744
9	-153.946941822	162.93627117
9	-73.8223283559	-177.903748355
9	-75.1779345996	-94.8797698993
10	-148.73252446	61.9516035898
10	-145.675335516	104.018172113
10	-98.1415319388	139.265689178
10	-166.371474158	157.311905402
10	-108.28340904	1.84743499316
10	-163.014700758	-173.218347271
10	173.929846012	-148.684179757
10	-109.306862601	147.858439554
10	-162.632461032	161.109117178
10	-118.767914478	-149.171366489
11	-167.605971443	-95.4799855757
11	-125.540915188	-160.321857681
11	-98.9775198146	-57.1147350114
11	-119.641735152	-138.297144974
11	-132.306032775	-157.693555785
11	-73.9251912703	135.755762758
11	-87.8097692263	-100.815917281
11	-159.741993948	166.364549769
11	-173.702359506	103.287190937
11	-164.778093447	156.270789731
12	159.595870614	38.0128787541
12	-108.862960272	-158.679709087
12	-158.580599714	-164.145303898
12	-160.137819886	-146.431737196
12	-89.0993303319	109.900943215
12	-174.837974553	-106.35876076
12	-138.988677208	-110.008673833
12	-133.846926094	101.670609625
12	-174.343753842	165.603468256
12	-122.609080674	-148.334702764
13	35.5315160042	151.662489618
13	-36.8989981349	104.085492687
13	-167.073185502	-118.311619126
13	-171.284356839	130.926526331
13	-66.2617445926	165.251015965
13	179.013552432	-167.383907919
13	-131.759031734	-14.3153894343
13	-176.518200748	87.9200197442
13	-173.577835231	-106.80306661
13	-110.045083762	173.596716719
14	-84.8160042254	138.550156661
14	-119.117335589	152.592619028
14	-176.199742964	-165.899048021
14	-141.807215203	-144.824575019
14	-128.007984261	79.7752315066
14	-110.613894598	-162.187701673
14	-121.475381155	-45.8508467292
14	-128.180602713	154.420641941
14	-176.115573735	166.956412921
14	-98.1526707068	-167.518929047
15	-28.5681024666	127.612615507
15	-159.379011236	60.4651492651
15	-142.694856762	118.7927937
15	-129.201845661	-45.6947032197
15	-106.473211709	176.275675174
15	-144.992044921	105.497936758
15	-106.505675346	104.830469163
15	-149.215026586	-174.299242005
15	-131.195859779	102.833691807
15	176.916627861	116.710014281
16	-125.784140482	-166.719029869
16	-121.52696763	98.389188306
16	-123.857566571	-38.3988884452
16	-127.945044396	149.546805993
16	-89.5838136175	-160.627869275
16	-135.617154303	-89.1474841932
16	-129.773656798	50.8663190081
16	-125.778075305	-166.95161358
16	-168.376581613	-116.878758659
16	-94.7868212727	-73.574051652
17	79.3088101847	-178.251127564
17	-93.0151328419	178.633626662
17	-138.903758987	-125.075499741
17	-158.715625426	83.6319309083
17	-155.204687552	168.90526109
17	165.311992875	-117.686114177
17	-133.720071985	-168.230539527
17	-130.089123503	170.280156367
17	-110.004729078	158.994983647
17	-165.922714481	48.5591246482
18	-172.02139984	169.190491456
18	-117.995851093	142.492022814
18	-79.3628476009	-176.534423822
18	-148.012478301	53.3793494288
18	-144.206029588	135.993310404
18	-87.185671488	166.153127268
18	-37.2852067652	117.55708885
18	-118.742875096	4.39870068763
18	-116.729327818	85.1464987672
18	-174.800813502	169.347641579
19	-0.723815826278	-133.59884275
19	176.949216012	-176.324214731
19	-105.886594446	52.0442221798
19	-129.565468872	-115.487489834
19	174.315006536	160.815536246
19	-161.054331605	175.690132306
19	-80.5376964829	154.756901087
19	-135.560008099	171.532080231
19	-67.2894704503	-172.431366959
19	-106.063081544	134.809070016
20	100.085565437	50.5675548126
20	-170.102741	41.9072059672
20	-170.440595758	128.666179663
20	-159.858207182	139.197623653
20	-122.43434798	-155.985690507
20	-146.216939149	95.6401860778
20	-171.073608112	-67.3741575724
20	-70.8154080657	-141.101625808
20	177.61640165	-145.011772698
20	-171.008470181	-103.414473952
21	-170.238433416	-168.916090027
21	-134.275783233	161.063752103
21	-141.588162693	-176.220217172
21	-148.829167733	84.6161681352
21	-90.3234808657	78.19006176
21	-172.499988216	39.0123244765
21	-135.624126286	92.9058186515
21	-157.917025257	58.0870358334
21	-65.4996264298	-178.410983763
21	-179.962116566	-72.2947736141
22	150.45719103	39.3809770436
22	-87.2353315882	90.8439137675
22	-133.270140767	112.155852838
22	-88.7762809838	-171.302246211
22	174.113718477	152.255495134
22	-170.686120353	-69.855239673
22	-146.849541307	-113.075697014
22	-94.7973541008	-123.068148244
22	-138.3630402	-150.040997329
22	-167.865747846	-104.655595536
23	90.6864643809	-74.1715525114
23	-126.591892719	-132.141347039
23	-171.812961912	162.8766088
23	-111.4391684	127.22576946
23	-109.443793958	-172.098208583
23	-119.345428775	167.563192576
23	-141.289694761	111.342188226
23	-136.639493402	82.2958710812
23	-145.537966852	169.909518756
23	-179.019524771	147.283807266
24	-174.148191129	-82.157654198
24	-127.629515909	158.530625835
24	-146.821201923	-122.082475963
24	-82.5041725864	-97.0045765
24	-172.627121614	145.070095435
24	-167.50770437	-91.67423411
24	-73.9898492652	-171.271929956
24	-170.802328822	115.219302887
24	-57.773710117	96.3044551381
24	178.168225968	-143.910022919
25	-93.7727215805	54.5504257084
25	-162.589397146	103.624740123
25	-98.4720704355	-140.393790371
25	-120.089236652	64.5950594259
25	-72.8215326685	82.1194936891
25	-111.928115784	-173.228170942
25	-94.9812555713	166.065464811
25	-78.3121163071	162.881769841
25	-70.0234426859	129.943621644
25	-104.478302698	-128.190450079
26	119.431966576	-30.995836789
26	-129.531983928	-81.822702998
26	-87.5857565632	170.707052467
26	-127.14090456	152.40814703
26	-157.064075413	113.637601217
26	-76.9896083469	132.354887383
26	-90.802038365	156.224724342
26	-174.258253471	-102.685425248
26	-80.1965975864	-90.5753213775
26	-145.821989369	143.169066896
27	-147.244738205	-136.513060156
27	-85.010172924	145.07933261
27	-118.672447549	150.684149443
27	-124.485756557	-171.574122146
27	-154.779772541	-101.081984312
27	-117.48941345	-9.47367405329
27	-148.930506557	153.890510028
27	-86.4337617453	80.7374423343
27	169.183624298	-83.3723826977
27	-154.564710728	-156.679218574
28	-173.197003589	166.066020986
28	-124.734862641	177.015786578
28	-145.738862797	166.161713907
28	83.4713409497	147.963373485
28	-91.0742009326	-89.4085293002
28	-170.045438633	-175.271281853
28	-165.72095839	164.121933792
28	-173.238267378	-154.914343451
28	-79.1664250893	131.467300968
28	-126.831129222	119.973088938
29	-136.053468161	-95.1403403082
29	-81.9365390406	70.3384781205
29	-39.0344428882	147.580368795
29	-94.5747014847	100.380135087
29	-108.556464044	160.990086918
29	-160.593295469	-171.456171224
29	-114.94055163	118.503686904
29	-150.293574211	-79.5156118705
29	-140.252742941	80.1935649322
29	-134.603567439	-158.54475116
30	164.358616974	-150.994937793
30	-97.8141836703	62.8464375916
30	-70.6442566467	84.1628005594
30	176.64789507	35.1255780607
30	-97.4746593476	-126.068805399
30	-106.375096685	-176.692609618
30	-118.27027076	153.636139703
30	-166.35438232	128.64628023
30	-144.516476388	-60.9280445648
30	-47.1531320406	94.8202340838
31	-32.5922949236	-126.024025485
31	-144.762459685	-153.734800938
31	-149.573876653	-170.050776904
31	-152.995149276	-158.443947282
31	-99.4103940107	-169.137410119
31	-108.410826371	-37.7610546912
31	-94.8979368447	143.027355159
31	-94.3218739134	-176.842135064
31	-170.477383742	-64.2673918203
31	-127.45294062	134.21473252
32	-44.2411925831	139.797274293
32	-158.886541964	154.728132365
32	-165.593999977	-87.9374017562
32	169.212554307	95.2879485209
32	-60.1294305794	167.403874822
32	-161.872275573	121.819310831
32	-138.419891515	-172.199955198
32	-142.70100536	138.628054274
32	-62.2962674996	-83.8512331468
32	-81.6830893092	-75.8417507661
33	-172.80869626	-166.357981778
33	-138.847279046	169.536865047
33	-146.218118413	9.16853307726
33	-68.1399775335	86.5313216528
33	-119.050460283	-90.6835887799
33	-174.068717695	-88.7358930481
33	-113.690019739	-166.856602641
33	-113.665190727	86.7570033178
33	-161.215600994	148.554716072
33	-93.951314804	-116.671276434
34	-50.2007542226	151.473948084
34	-175.057109324	-166.057852896
34	-56.0708549713	172.693262986
34	-89.4972024431	50.3500358678
34	-101.573806043	90.2994223295
34	-71.6575233064	-88.9787275232
34	-63.2757094934	-166.552639652
34	-92.9975449678	-123.589196047
34	-97.4662428174	-49.5439229402
34	-80.2198626866	-47.297182549
35	121.531659085	-128.338790514
35	-60.5852499381	144.045045271
35	-78.5147797535	-169.877425775
35	-106.075940392	169.929256577
35	-121.872252671	-64.1167893534
35	-161.046125054	-139.592039265
35	-138.003655154	-130.442112953
35	69.9432397359	137.617217438
35	-168.740916424	-35.3842389856
35	179.78030577	-103.180256571
36	-142.868202021	105.991315885
36	-123.562235019	86.3501801388
36	-109.482140627	19.135938449
36	-111.50496931	-43.7405344523
36	-71.8220539922	102.46049488
36	-121.177781781	-88.1405159866
36	-54.0885522555	95.9662552777
36	-108.587932821	-169.959386956
36	-176.37757241	131.068441305
36	-72.0835946544	119.760841957
37	179.114250549	-155.584486137
37	-169.1931289	-177.339805392
37	-115.591913109	-68.9579858365
37	-94.9077987879	159.658531325
37	-53.5061276759	-38.5944615263
37	-133.016681747	-172.400778655
37	-115.739195389	-134.775942472
37	-45.574213979	120.105472339
37	-105.056011333	162.46329755
37	-121.756518315	132.496451635
38	166.585475487	67.7456801858
38	-177.40085097	-42.1979987245
38	-126.462001635	140.054011573
38	176.62674367	97.1174056868
38	-116.650579647	56.923072159
38	-178.907357089	76.9338684998
38	-155.543428887	129.536838116
38	-162.969067827	95.7018746402
38	-142.183378345	-122.825942986
38	-151.053317672	-121.519565446
39	74.2942534346	155.498719238
39	-101.543548567	-165.324793136
39	-117.341420424	48.3431414814
39	-121.132750382	106.727664534
39	-142.074759434	-112.189562938
39	-109.651225852	134.086530575
39	-141.74031225	-50.1544074736
39	-121.47995746	144.746184992
39	-101.827569861	171.163310814
39	-146.668924781	53.3568967148
40	-69.9726002034	-145.470009409
40	-116.849902155	129.512435862
40	-148.815551102	-161.064227036
40	-94.770571756	-60.720628757
40	166.911360198	124.78880518
40	-119.579089793	-127.626509531
40	-162.344792957	-172.290641675
40	-163.367726259	-138.565989199
40	-49.0746812272	-69.7763292295
40	-150.409589973	-117.869454172
41	-42.8273422522	-153.928712155
41	-173.795189889	178.400718747
41	-92.6076145631	178.293917934
41	-141.363653011	13.0063365825
41	-178.970171247	54.6134308158
41	-88.5142868157	102.384684091
41	173.301362293	169.581486146
41	-158.339450254	-174.74003873
41	-82.5699020648	-126.027751323
41	-82.4727846862	-26.933417248
42	168.9071954	97.3894596342
42	-116.79002561	-158.440222001
42	-109.11982921	31.2235146408
42	-75.658755942	-41.1429075047
42	-160.785348543	-76.7162908442
42	-130.072013035	174.929522602
42	-95.1647232861	-155.643510695
42	-156.408420716	95.9890233206
42	-149.853523562	179.624837689
42	-179.112977518	-130.592248434
43	-172.541573054	114.054710896
43	-126.23790262	144.242497987
43	-108.991486781	139.704259562
43	-133.972785175	114.911920394
43	-127.177532841	-149.562980804
43	-149.972793019	126.65634165
43	-164.376663475	-95.6978100838
43	-164.42071815	-145.942509085
43	-106.904761658	118.891575607
43	-160.886843188	-173.894617048
44	146.866734586	147.821230465
44	-173.118077569	145.526589551
44	-119.568347034	-96.0020221913
44	-117.962362134	54.2372558651
44	-164.236728563	47.1514547659
44	-161.466917134	50.7548755186
44	-155.606981085	-171.890497697
44	-82.7167416994	144.009525579
44	169.448326882	124.004670368
44	-110.126774931	174.91095297
45	77.3931499287	-160.603627487
45	-95.5164701133	161.720737852
45	176.659026178	-164.373521568
45	-173.822913877	171.182296546
45	-82.7086281194	86.9131793654
45	-140.027798725	30.4518066918
45	-128.169672788	-175.816380924
45	-156.717427444	149.50652906
45	-131.484595687	-82.3702261334
45	-177.524166351	1.63766831721
46	125.933021979	161.563308813
46	-170.95742074	163.566213216
46	-108.218954135	74.0065752598
46	177.374617238	-171.26513294
46	-68.6982043791	-118.033721068
46	-120.620522893	-174.426711915
46	-143.367531333	-103.754088648
46	-146.577695486	-143.070428078
46	-125.685214775	171.852770154
46	-149.127393412	-160.733231627
47	110.314449193	-161.213432472
47	-127.091315963	176.228876983
47	-90.0457601149	153.642465883
47	167.941535855	167.591532123
47	-75.183911445	72.08865376
47	-162.758301195	90.9498542849
47	-64.4746134797	-168.484449851
47	-86.5914362526	-168.610424336
47	-140.512007571	-135.70507096
47	-133.952070474	-130.486441201
48	159.943768142	-138.190457577
48	-107.074299899	177.075926255
48	-164.703531643	149.352985
48	-110.180930624	19.9716329663
48	-153.677086962	63.6211299105
48	-158.286370136	26.9952305031
48	-119.718591419	168.344548829
48	-88.8699338233	-149.811199952
48	-135.995736951	-131.070423714
48	-98.5943546162	164.098929373
49	-99.9773680677	-51.2513392742
49	-163.599017414	-104.933696853
49	-169.506060713	-115.282666282
49	-171.964262299	54.1578147926
49	-49.8507998955	135.566571995
49	-94.4761348852	-119.840601219
49	-72.3229044426	-172.877896312
49	-125.404626882	166.762865474
49	-174.396109118	-158.43701392
49	-72.6627386968	83.6974654779
50	70.2625092438	130.324735824
50	-168.356183721	139.613585716
50	175.990725527	-77.9831684298
50	-137.053763137	-132.913581815
50	-146.356942479	-122.054200619
50	-84.5896450701	-111.366566777
50	-157.922555653	177.461664524
50	-154.327709747	133.592297749
50	-165.158554577	38.4356176546
50	-177.795135497	81.9707441826
51	-156.141966373	-110.008493257
51	-133.479145755	146.038448789
51	-88.2110946068	-120.944191184
51	-175.612917867	-171.955236033
51	-175.658143144	-141.10879024
51	-163.640674244	-166.269194803
51	-109.493465801	-44.6260833282
51	-167.027773606	135.871304075
51	-90.4260636828	150.349675242
51	177.940222805	12.1184716258
52	95.1371959079	124.154917972
52	-166.775905194	7.39503954818
52	-105.878143187	-139.204690164
52	-83.921997535	-156.882025886
52	-101.065171372	91.0382007918
52	-104.407506854	-118.992489913
52	-81.0246704231	158.330208287
52	-123.986388041	42.784872489
52	-76.2027983301	-127.296524437
52	-62.7839551965	-179.703161739
53	-74.0421152408	51.9982107927
53	-71.728813284	-163.414878902
53	-98.021529318	-144.677629679
53	-71.2845844509	153.132744116
53	-119.073940527	127.4191684
53	-106.83514795	-76.1822971993
53	-69.979397626	-90.8533871938
53	-172.583988722	126.14060778
53	-142.69891684	-155.578306879
53	-62.2277952448	29.2284142926
54	-128.589341424	177.150567436
54	-123.347738158	-158.580328731
54	-114.077476382	146.353862255
54	-140.017267501	98.1034147212
54	-152.828085506	146.800452281
54	-102.848356374	-73.7977465059
54	-78.7895278801	67.0900739181
54	-140.047191645	115.400742525
54	-176.590089638	127.634421454
54	-54.0454926627	-80.0827524284
55	34.3906961952	-143.040260859
55	-116.626011433	114.670826027
55	-106.265429836	-102.301495928
55	-68.7746706023	-161.974991503
55	-135.970144524	152.11611933
55	-151.415043991	75.9905794459
55	-132.950067556	-114.630527119
55	-170.490356209	60.8921749075
55	-139.311957831	134.790450666
55	-121.26982234	-143.787150805
56	110.416879187	-106.918477735
56	-129.625599646	-147.140416092
56	-144.643502394	136.008786669
56	-110.268310779	135.994006106
56	-139.341584394	-60.3694380169
56	-170.312112725	92.0456698903
56	-172.541046553	176.204641655
56	169.716269843	-152.655647272
56	177.651071026	38.3731372308
56	-121.758081773	161.827248337
57	130.067019586	-135.459846726
57	-142.759023654	87.7772055754
57	-141.082497167	151.30980446
57	64.3823799001	114.760016601
57	-149.647377432	104.040296921
57	-73.8680941981	-21.7213422672
57	-164.269340087	-111.615658586
57	-149.518195927	162.523468895
57	-169.60798005	-76.0198328184
57	-113.841807875	170.891675414
58	129.870536385	140.039549386
58	-79.4506135729	109.134248395
58	-139.678955511	77.1897768546
58	-124.802651303	-150.800086532
58	-150.807851223	164.558798363
58	-100.734386247	129.006056879
58	-88.4261952445	116.643777384
58	-101.365817269	137.255339282
58	168.586518393	98.1604092479
58	-155.173814157	86.4830878145
59	-128.488022044	-160.305884072
59	-89.8906119357	109.514819215
59	-148.886477346	-142.615278691
59	-130.495224186	165.310089275
59	-122.881384293	-115.801665156
59	-58.8941799546	138.425351288
59	-175.614398186	117.862441593
59	-126.353346733	88.9842369077
59	-127.115609211	179.466406185
59	-72.1756402425	-57.0949250194
60	74.3553622474	148.768604189
60	-177.043557579	49.7039374582
60	-106.058307749	-160.748191338
60	-143.298653159	-22.714931314
60	-127.800041283	-131.592614154
60	-129.544315767	-157.306920995
60	-129.0427972	163.687623868
60	-99.9234370386	-70.254792538
60	-164.626508562	-149.84035268
60	-83.0348829275	125.668466497
61	102.196631906	156.205984816
61	176.724863276	167.243519367
61	167.754289818	-117.470764627
61	-61.6556686856	94.6934161662
61	-162.997335752	119.014842412
61	-156.591105482	-58.912246121
61	-83.2843068951	169.150401143
61	-88.4924389514	158.946208859
61	-113.80622347	-171.018353523
61	-149.374458321	168.159066089
62	130.786908543	163.232869413
62	-93.5961652173	-0.444559807051
62	117.566952574	129.656689542
62	-165.155356416	177.209335703
62	-151.98906515	-164.637199261
62	-89.0759569093	125.526778936
62	-124.254525502	-105.062185624
62	-112.671114772	-111.784152694
62	-72.6408145649	171.693002481
62	-161.391185725	-119.576398421
63	95.156977405	31.14783827
63	-172.849613717	142.613728761
63	-158.209153005	-176.894667576
63	-115.759687244	113.244919388
63	-83.7840936632	168.551665535
63	-108.823839167	57.0516870644
63	-141.072836506	-136.892218044
63	-144.699537556	-117.989918567
63	-53.1096484046	165.783240284
63	-159.153363684	170.065454588
64	-131.833218451	169.101882801
64	-99.147598007	170.092276763
64	-179.715600808	133.764919504
64	-106.246365606	136.392344042
64	-121.560055149	131.212124049
64	-159.454697671	-160.646009367
64	-138.821097871	105.829435555
64	-169.033023408	89.4383153894
64	-168.962461452	139.298550345
64	-93.8152230023	-64.6262165474
65	130.38773367	161.853649444
65	-116.812446847	103.315680108
65	-175.88728901	82.6500589261
65	-156.692428375	-167.25249702
65	-179.657752501	-167.889825506
65	-173.590075192	42.7165619693
65	-117.746581503	170.860443697
65	-158.783931937	-177.916913398
65	-151.926724064	156.080775198
65	168.232681162	116.61586781
66	163.962242291	131.330020458
66	-116.818637922	-152.981242707
66	-72.3818987389	169.586244056
66	-165.271720283	-164.730669168
66	-142.282669687	174.272378091
66	-115.847373857	91.9241520487
66	-167.1817006	-153.630240818
66	173.487082174	170.618180317
66	-78.47223599	-87.4315393934
66	-55.4263746499	-123.204590272
67	-82.3927065653	-147.665657963
67	-89.6585410412	160.438511235
67	-132.717574013	-168.637501052
67	172.655095227	-86.9344267204
67	-162.803740487	-157.634375128
67	-76.9438850419	149.749880708
67	175.159186851	-25.4296780353
67	-65.3608581802	-162.459405476
67	-160.239979145	58.3997819093
67	-144.488397514	-155.186614948
68	168.334419718	173.288728333
68	-77.991907318	179.957235575
68	-133.10308192	-158.221429429
68	-118.806903203	-88.3699950053
68	-156.744537276	159.04702839
68	-116.820708785	77.7153120943
68	-69.6323242771	-39.5019837295
68	-123.052860385	-95.5967461266
68	-165.397208732	109.910006272
68	-143.222570612	-84.8098201743
69	162.882913602	-93.5781976739
69	-95.9102185452	-106.514597183
69	-169.555189943	125.398501148
69	-162.354140016	-154.266056304
69	-116.407035925	168.018943724
69	-160.099377217	-106.602473551
69	-159.848929764	109.609265546
69	-123.760100376	102.15433759
69	-101.384645673	69.8410766533
69	-162.151637151	-78.0274894065
70	154.104476512	73.4642167682
70	80.5355955128	126.436422805
70	-155.382856902	-137.673635558
70	-152.136570736	179.761413597
70	-158.654631615	100.456873388
70	-178.804950631	26.8068254736
70	-157.567015315	-175.453736917
70	-86.5260888149	-163.63350487
70	-119.013460336	130.26557049
70	-150.411604969	-157.078305987
71	-174.50794189	-169.750211857
71	-93.1135403889	-120.120561328
71	-114.08593691	-131.844275814
71	-143.534842235	42.2151812786
71	-85.2294091264	50.7477212635
71	-146.67036768	-109.450021971
71	-134.497545581	-163.421902181
71	-173.588163545	145.52347415
71	-129.780413534	44.8288721603
71	-120.148851799	-84.1225209068
72	-161.102397832	-15.0966435069
72	67.9654497539	-129.051845965
72	-120.144454388	-173.89106373
72	-160.737921168	87.3423683348
72	-139.231129944	154.462164122
72	-125.967176656	120.966608439
72	-179.571530629	168.819045893
72	175.458352666	-159.44773062
72	-176.078918642	138.01571199
72	-91.9547042822	-86.0011534231
73	112.018088751	51.4683636114
73	-147.327524915	-111.977116908
73	-164.901813479	108.627952854
73	-168.735063405	-172.831468684
73	-139.126535179	-179.098844171
73	-71.688118607	-64.1588020953
73	-103.245582618	-178.411752536
73	-44.080543082	108.427404965
73	-177.416388048	-152.348805431
73	-172.577884336	-100.725393901
74	139.113283179	-162.700514861
74	-93.3485147731	72.722947687
74	-143.645239988	131.973215084
74	-179.095325866	150.659485405
74	-92.6032450971	-98.2525476521
74	-172.825248815	-141.688433333
74	-166.625181454	-149.235673126
74	-84.7078260889	-108.287867329
74	-131.898403175	108.23954807
74	-99.4812186903	153.799505182
75	177.456058932	-63.5122300001
75	-177.83554283	172.860709966
75	-173.568371835	-109.371965902
75	-129.637312184	73.4636186778
75	-86.9483438203	118.825776819
75	-155.559862737	-168.133043583
75	-178.007503942	125.516115866
75	-114.109061161	-173.621698054
75	-166.338021047	72.943245143
75	-164.585555901	95.0196751011
76	57.3949509016	-175.715533434
76	-165.161127698	119.277497631
76	-135.219258014	-71.725484599
76	-137.652947099	36.0526215611
76	-169.767014577	149.85459155
76	-126.665877689	-113.116685372
76	-179.743179971	1.94895972328
76	-86.7701055194	119.854271852
76	-164.534312306	-176.587489528
76	-130.464782015	-176.486601029
77	146.753312887	-178.788373313
77	-129.659546453	178.307077065
77	-161.998558578	-164.723906761
77	-131.42981621	139.735737701
77	-124.322967367	128.460894543
77	-90.0978105112	18.617606455
77	-129.687138285	-167.804907316
77	-77.7243522198	64.3275704731
77	-133.145324896	112.094456449
77	-97.5684885738	157.370330118
78	-153.25323827	126.368542998
78	-90.4469508663	-168.333249112
78	176.462478614	-173.689938803
78	-99.3990846702	20.937204151
78	-82.1191526264	84.6257758267
78	-77.4674556141	-157.748272614
78	-130.667993579	145.501105522
78	174.404095796	108.143451677
78	-97.0651189029	64.1899328281
78	178.709160501	-128.046480806
79	-159.955410846	-136.5596926
79	-171.542526636	176.270381027
79	-156.592474918	-167.978343349
79	-172.033994853	124.819745593
79	-153.557368135	-124.403819589
79	-106.264226163	135.995634811
79	-78.858826498	-134.544323772
79	-135.186820903	97.1292658828
79	-60.4523934595	145.69957032
79	-124.761167645	173.53783563
80	-162.255068185	131.793084844
80	-99.4534510722	172.13257577
80	-130.511847028	164.033577276
80	-20.8225959758	-85.6792872766
80	-160.469319028	162.840881192
80	-123.705438614	146.313730932
80	-129.279734506	165.083896576
80	-116.237409101	-8.30840154014
80	-73.944102021	150.550708602
80	-110.539504626	-20.8856901063
81	-5.08707216764	19.7057311709
81	-165.532860195	4.71514003298
81	-146.102776896	177.690702559
81	-115.601708382	-159.3044605
81	-146.580749583	162.723135651
81	-150.214894906	172.241050037
81	-97.9453878579	-179.106970828
81	-59.2223727541	116.628022476
81	-84.6379931163	70.0070867966
81	-172.85665501	141.845553103
82	-117.748894208	-92.2281343909
82	-103.801365823	101.408246571
82	-166.294822228	124.250003758
82	-161.818907395	-116.679273439
82	-130.533149056	167.813875703
82	179.061613622	130.0656114
82	-130.646356423	172.220265334
82	-135.23773931	-50.8293732839
82	-103.11025183	-142.137298069
82	173.630740184	7.98345889504
83	-90.0127498269	-137.699784152
83	-131.168354547	-146.701244762
83	-152.383644258	-122.421519094
83	-172.436472032	-168.38977778
83	-106.662919179	163.759602118
83	-126.931286244	157.759753395
83	-95.8028436533	57.7936574595
83	-119.082422689	-154.866261139
83	-96.6757557456	103.973229624
83	-129.623357182	-142.924732807
84	162.296819198	-126.911835846
84	-122.724093694	-52.9940230676
84	-153.825185832	-110.2640872
84	-171.873810067	133.501333591
84	176.475854021	138.165369199
84	-150.982416613	135.211441554
84	-121.488845287	-175.68370057
84	-111.703751013	-140.570986888
84	-177.12621925	-41.5025013915
84	-113.039254417	177.080490128
85	-167.771230223	119.008087203
85	-151.987202886	152.166671326
85	175.8861102	48.5863671543
85	-146.798013992	-151.024639002
85	-146.013643658	52.0617801637
85	178.870358457	179.189796352
85	-127.497622064	161.184030681
85	-67.9010450812	176.955018772
85	-79.2498078194	108.654753538
85	-130.234033801	-170.047796474
86	164.723434971	-144.65706555
86	-71.3772866395	163.170793121
86	-83.1538144174	-166.729881916
86	-95.0899364875	-166.525030343
86	-156.284644373	61.7135261277
86	-129.758966372	136.190927143
86	-174.680868182	-155.695385826
86	-58.5808549437	100.827340349
86	-174.415335563	62.6050305687
86	-106.912055516	-8.66913657427
87	-58.1193249735	143.748174648
87	-160.02173072	129.731178652
87	-80.6818802136	-159.206489417
87	-162.934928497	168.432184807
87	-151.640585142	105.549157156
87	-137.264612279	99.9633698887
87	-100.22718505	96.2815995992
87	-51.5827795167	87.3648537268
87	-151.88298554	70.5216338712
87	179.04201825	155.851480152
88	-163.742791709	147.325557292
88	-166.996447086	113.456116092
88	-133.416524475	115.490692227
88	172.635519248	-118.127916012
88	-123.604150303	63.4536920694
88	-160.29116188	161.469339079
88	-91.3210725095	-142.750174151
88	-172.552033752	-155.780483745
88	-148.66499721	-170.214105588
88	-99.0474392477	-165.318391031
89	56.1397131274	-116.328145467
89	-122.666342127	-81.0861718157
89	-165.881021026	-106.268385062
89	-154.567304469	115.363520099
89	-147.314965397	144.780513811
89	-128.056997088	-77.9945341301
89	-134.518975512	-90.1779491484
89	-159.732148426	-28.2255519571
89	-66.1237064343	177.697979279
89	-74.719775626	137.667667209
90	80.2670112644	157.514136034
90	-74.1133529682	-151.560740764
90	-83.866106562	114.855959318
90	-159.206323406	155.80512957
90	-103.405447071	132.258427656
90	-139.081843695	-129.395560514
90	-146.778699494	67.7039780941
90	-58.0976998321	103.779079876
90	164.134709787	-160.03944233
90	-85.7038464003	85.7696786322
91	37.6119047869	-121.194119401
91	-175.431876217	-11.231517525
91	-141.823099889	-174.409449371
91	-56.9601559335	167.601525533
91	-178.450254595	-179.709720839
91	-132.661648596	171.392646837
91	-155.896084484	150.140132448
91	-88.0301889782	-159.228067578
91	-85.2364428912	179.999249638
91	-51.8445530464	-96.2203792233
92	23.6055184302	-21.1785570243
92	-168.956765707	36.8924868073
92	173.431137288	93.6674897445
92	-100.133528569	164.522501854
92	171.353670173	35.3683750051
92	-137.584814916	142.869696979
92	-178.665378664	177.996178498
92	-161.217223948	142.358629218
92	-128.595574122	158.724268477
92	-128.72684149	-151.517471122
93	142.603053056	166.490689104
93	-142.826512982	-175.332613418
93	-118.50121729	23.3236445448
93	-94.6975935797	-170.690225985
93	-127.277204855	-82.0223359979
93	-106.168031419	-85.0618601003
93	-72.6332367478	-106.062752652
93	-121.189449245	143.08925386
93	-158.11767703	-105.156635635
93	-105.21986515	178.198691419
94	102.511245361	158.292288409
94	-129.478408154	150.036438444
94	-147.521320612	-165.384072498
94	-60.6357701915	143.872114633
94	-135.20007847	-145.102973681
94	-170.570504149	-111.217233033
94	178.802023452	175.503877075
94	172.462966665	135.00783742
94	-165.086078352	160.688304288
94	176.456928626	115.680294428
95	-86.8970772759	154.457297351
95	-50.8649623832	145.942598758
95	169.627808137	-47.6243474981
95	-170.79127688	170.581736006
95	-129.939683083	133.653867296
95	-50.3223245544	111.173843181
95	-152.807742951	-169.902473623
95	-172.765834105	160.488958107
95	-99.7252304464	76.1382037782
95	-155.51838859	-122.995617613
96	72.8452774786	-157.931012294
96	-152.678305529	157.479976562
96	-104.644481832	167.685866028
96	-66.6008826905	74.7381028718
96	-107.273647556	84.3072267372
96	-143.98801369	-151.445294527
96	-122.799330068	-155.246015846
96	-97.1806131171	123.428755096
96	-101.978557149	167.520807414
96	113.082721973	-89.9740723365
97	80.1341381258	-128.655830018
97	-83.4509980645	163.555332959
97	-124.095488318	41.8298555541
97	-97.9171183884	-88.6526961136
97	-175.968104565	-160.905060357
97	-155.482814135	159.079163659
97	-80.5394127239	83.0898357124
97	-120.8972677	-117.942952107
97	-161.572466367	106.481602401
97	-122.760787981	40.2668707695
98	148.143817514	-134.037520019
98	-94.3675342815	51.3878533522
98	-134.783570846	79.2058451911
98	-143.030056349	-86.1655108965
98	-121.678509179	148.043137067
98	-162.389566779	-173.04181782
98	-174.530207075	118.685162945
98	-162.130679897	22.7827582262
98	-85.5130585169	-140.45231207
98	-81.03858485	-112.375872382
99	-66.0848900302	36.6372773187
99	-176.054359369	-160.131874797
99	-148.664858843	117.617017491
99	-86.0208127543	171.889857863
99	-167.038880454	-121.242629179
99	-173.186885915	-113.888246375
99	-154.798625531	-153.325154252
99	-152.316131512	-179.274205294
99	-134.147513347	145.298941081
99	-127.240968804	77.4836896493
100	-140.748792691	172.952406391
100	-105.763836753	-68.294493861
100	-117.393345621	130.492968925
100	-150.548121691	173.827058587
100	-73.6502103064	-171.381663763
100	-62.4077306002	83.6819388522
100	163.780054796	112.621372886
100	175.815375731	-64.4156988752
100	166.298168401	-69.893178652
100	-138.359814303	95.1202184794
